19 05 22 00
1640
   63.921  -146.055    15.000
   63.921  -146.055    15.000
   63.921  -146.055    15.000
   63.921  -146.055    15.000
   63.921  -146.055    15.000
   63.960  -146.152    15.000
   63.960  -146.152    15.000
   63.960  -146.152    15.000
   63.960  -146.152    15.000
   63.960  -146.152    15.000
   61.795  -137.840    15.000
   61.795  -137.840    15.000
   61.795  -137.840    15.000
   61.795  -137.840    15.000
   61.795  -137.840    15.000
   58.963  -127.397    15.000
   58.963  -127.397    15.000
   58.963  -127.397    15.000
   58.963  -127.397    15.000
   58.963  -127.397    15.000
   58.964  -127.333    15.000
   58.964  -127.333    15.000
   58.964  -127.333    15.000
   58.964  -127.333    15.000
   58.964  -127.333    15.000
   58.206  -120.426    15.000
   58.206  -120.426    15.000
   58.206  -120.426    15.000
   58.206  -120.426    15.000
   58.206  -120.426    15.000
   57.939  -124.465    15.000
   57.939  -124.465    15.000
   57.939  -124.465    15.000
   57.939  -124.465    15.000
   57.939  -124.465    15.000
   32.723   -98.288    15.000
   32.723   -98.288    15.000
   32.723   -98.288    15.000
   32.723   -98.288    15.000
   32.723   -98.288    15.000
   47.192   -96.241    15.000
   47.192   -96.241    15.000
   47.192   -96.241    15.000
   47.192   -96.241    15.000
   47.192   -96.241    15.000
   25.526  -107.722    15.000
   25.526  -107.722    15.000
   25.526  -107.722    15.000
   25.526  -107.722    15.000
   25.526  -107.722    15.000
   31.363  -101.780    15.000
   31.363  -101.780    15.000
   31.363  -101.780    15.000
   31.363  -101.780    15.000
   31.363  -101.780    15.000
   49.372  -100.508    15.000
   49.372  -100.508    15.000
   49.372  -100.508    15.000
   49.372  -100.508    15.000
   49.372  -100.508    15.000
   28.387  -100.619    15.000
   28.387  -100.619    15.000
   28.387  -100.619    15.000
   28.387  -100.619    15.000
   28.387  -100.619    15.000
   57.101  -118.063    15.000
   57.101  -118.063    15.000
   57.101  -118.063    15.000
   57.101  -118.063    15.000
   57.101  -118.063    15.000
   39.626   -77.794    15.000
   39.626   -77.794    15.000
   39.626   -77.794    15.000
   39.626   -77.794    15.000
   39.626   -77.794    15.000
   55.943  -114.618    15.000
   55.943  -114.618    15.000
   55.943  -114.618    15.000
   55.943  -114.618    15.000
   55.943  -114.618    15.000
   58.479  -117.292    15.000
   58.479  -117.292    15.000
   58.479  -117.292    15.000
   58.479  -117.292    15.000
   58.479  -117.292    15.000
   58.532  -117.779    15.000
   58.532  -117.779    15.000
   58.532  -117.779    15.000
   58.532  -117.779    15.000
   58.532  -117.779    15.000
   57.168  -117.983    15.000
   57.168  -117.983    15.000
   57.168  -117.983    15.000
   57.168  -117.983    15.000
   57.168  -117.983    15.000
   30.969   -94.382    15.000
   30.969   -94.382    15.000
   30.969   -94.382    15.000
   30.969   -94.382    15.000
   30.969   -94.382    15.000
   34.822   -77.714    15.000
   34.822   -77.714    15.000
   34.822   -77.714    15.000
   34.822   -77.714    15.000
   34.822   -77.714    15.000
   40.231   -76.740    15.000
   40.231   -76.740    15.000
   40.231   -76.740    15.000
   40.231   -76.740    15.000
   40.231   -76.740    15.000
   32.146  -101.937    15.000
   32.146  -101.937    15.000
   32.146  -101.937    15.000
   32.146  -101.937    15.000
   32.146  -101.937    15.000
   32.211  -101.927    15.000
   32.211  -101.927    15.000
   32.211  -101.927    15.000
   32.211  -101.927    15.000
   32.211  -101.927    15.000
   48.309   -99.073    15.000
   48.309   -99.073    15.000
   48.309   -99.073    15.000
   48.309   -99.073    15.000
   48.309   -99.073    15.000
   63.965  -146.167    15.000
   63.965  -146.167    15.000
   63.965  -146.167    15.000
   63.965  -146.167    15.000
   63.965  -146.167    15.000
   58.588  -117.791    15.000
   58.588  -117.791    15.000
   58.588  -117.791    15.000
   58.588  -117.791    15.000
   58.588  -117.791    15.000
   58.328  -117.196    15.000
   58.328  -117.196    15.000
   58.328  -117.196    15.000
   58.328  -117.196    15.000
   58.328  -117.196    15.000
   58.413  -117.628    15.000
   58.413  -117.628    15.000
   58.413  -117.628    15.000
   58.413  -117.628    15.000
   58.413  -117.628    15.000
   28.261  -108.127    15.000
   28.261  -108.127    15.000
   28.261  -108.127    15.000
   28.261  -108.127    15.000
   28.261  -108.127    15.000
   48.995   -97.251    15.000
   48.995   -97.251    15.000
   48.995   -97.251    15.000
   48.995   -97.251    15.000
   48.995   -97.251    15.000
   48.683  -100.150    15.000
   48.683  -100.150    15.000
   48.683  -100.150    15.000
   48.683  -100.150    15.000
   48.683  -100.150    15.000
   36.676  -119.581    15.000
   36.676  -119.581    15.000
   36.676  -119.581    15.000
   36.676  -119.581    15.000
   36.676  -119.581    15.000
   37.456  -113.264    15.000
   37.456  -113.264    15.000
   37.456  -113.264    15.000
   37.456  -113.264    15.000
   37.456  -113.264    15.000
   58.614  -117.897    15.000
   58.614  -117.897    15.000
   58.614  -117.897    15.000
   58.614  -117.897    15.000
   58.614  -117.897    15.000
   56.020  -114.640    15.000
   56.020  -114.640    15.000
   56.020  -114.640    15.000
   56.020  -114.640    15.000
   56.020  -114.640    15.000
   47.696   -96.004    15.000
   47.696   -96.004    15.000
   47.696   -96.004    15.000
   47.696   -96.004    15.000
   47.696   -96.004    15.000
   51.884  -103.176    15.000
   51.884  -103.176    15.000
   51.884  -103.176    15.000
   51.884  -103.176    15.000
   51.884  -103.176    15.000
   48.320   -95.558    15.000
   48.320   -95.558    15.000
   48.320   -95.558    15.000
   48.320   -95.558    15.000
   48.320   -95.558    15.000
   38.056   -77.431    15.000
   38.056   -77.431    15.000
   38.056   -77.431    15.000
   38.056   -77.431    15.000
   38.056   -77.431    15.000
   30.229   -83.020    15.000
   30.229   -83.020    15.000
   30.229   -83.020    15.000
   30.229   -83.020    15.000
   30.229   -83.020    15.000
   30.587   -84.161    15.000
   30.587   -84.161    15.000
   30.587   -84.161    15.000
   30.587   -84.161    15.000
   30.587   -84.161    15.000
   31.522   -84.340    15.000
   31.522   -84.340    15.000
   31.522   -84.340    15.000
   31.522   -84.340    15.000
   31.522   -84.340    15.000
   53.816  -101.368    15.000
   53.816  -101.368    15.000
   53.816  -101.368    15.000
   53.816  -101.368    15.000
   53.816  -101.368    15.000
   50.204   -96.869    15.000
   50.204   -96.869    15.000
   50.204   -96.869    15.000
   50.204   -96.869    15.000
   50.204   -96.869    15.000
   58.567  -117.685    15.000
   58.567  -117.685    15.000
   58.567  -117.685    15.000
   58.567  -117.685    15.000
   58.567  -117.685    15.000
   57.177  -118.048    15.000
   57.177  -118.048    15.000
   57.177  -118.048    15.000
   57.177  -118.048    15.000
   57.177  -118.048    15.000
   58.286  -117.401    15.000
   58.286  -117.401    15.000
   58.286  -117.401    15.000
   58.286  -117.401    15.000
   58.286  -117.401    15.000
   55.898  -114.585    15.000
   55.898  -114.585    15.000
   55.898  -114.585    15.000
   55.898  -114.585    15.000
   55.898  -114.585    15.000
   55.947  -114.661    15.000
   55.947  -114.661    15.000
   55.947  -114.661    15.000
   55.947  -114.661    15.000
   55.947  -114.661    15.000
   55.912  -114.509    15.000
   55.912  -114.509    15.000
   55.912  -114.509    15.000
   55.912  -114.509    15.000
   55.912  -114.509    15.000
   58.376  -117.569    15.000
   58.376  -117.569    15.000
   58.376  -117.569    15.000
   58.376  -117.569    15.000
   58.376  -117.569    15.000
   58.519  -117.392    15.000
   58.519  -117.392    15.000
   58.519  -117.392    15.000
   58.519  -117.392    15.000
   58.519  -117.392    15.000
   58.580  -117.760    15.000
   58.580  -117.760    15.000
   58.580  -117.760    15.000
   58.580  -117.760    15.000
   58.580  -117.760    15.000
   58.260  -117.230    15.000
   58.260  -117.230    15.000
   58.260  -117.230    15.000
   58.260  -117.230    15.000
   58.260  -117.230    15.000
   57.138  -117.869    15.000
   57.138  -117.869    15.000
   57.138  -117.869    15.000
   57.138  -117.869    15.000
   57.138  -117.869    15.000
   55.750  -114.431    15.000
   55.750  -114.431    15.000
   55.750  -114.431    15.000
   55.750  -114.431    15.000
   55.750  -114.431    15.000
   58.310  -117.230    15.000
   58.310  -117.230    15.000
   58.310  -117.230    15.000
   58.310  -117.230    15.000
   58.310  -117.230    15.000
   58.450  -117.430    15.000
   58.450  -117.430    15.000
   58.450  -117.430    15.000
   58.450  -117.430    15.000
   58.450  -117.430    15.000
   39.337   -75.184    15.000
   39.337   -75.184    15.000
   39.337   -75.184    15.000
   39.337   -75.184    15.000
   39.337   -75.184    15.000
   58.320  -117.350    15.000
   58.320  -117.350    15.000
   58.320  -117.350    15.000
   58.320  -117.350    15.000
   58.320  -117.350    15.000
   58.209  -120.450    15.000
   58.209  -120.450    15.000
   58.209  -120.450    15.000
   58.209  -120.450    15.000
   58.209  -120.450    15.000
   50.970  -103.475    15.000
   50.970  -103.475    15.000
   50.970  -103.475    15.000
   50.970  -103.475    15.000
   50.970  -103.475    15.000
   51.022  -103.876    15.000
   51.022  -103.876    15.000
   51.022  -103.876    15.000
   51.022  -103.876    15.000
   51.022  -103.876    15.000
   52.890  -103.267    15.000
   52.890  -103.267    15.000
   52.890  -103.267    15.000
   52.890  -103.267    15.000
   52.890  -103.267    15.000
   54.566  -125.677    15.000
   54.566  -125.677    15.000
   54.566  -125.677    15.000
   54.566  -125.677    15.000
   54.566  -125.677    15.000
   55.712  -114.434    15.000
   55.712  -114.434    15.000
   55.712  -114.434    15.000
   55.712  -114.434    15.000
   55.712  -114.434    15.000
   51.542   -98.619    15.000
   51.542   -98.619    15.000
   51.542   -98.619    15.000
   51.542   -98.619    15.000
   51.542   -98.619    15.000
   55.517  -111.199    15.000
   55.517  -111.199    15.000
   55.517  -111.199    15.000
   55.517  -111.199    15.000
   55.517  -111.199    15.000
   51.041   -99.626    15.000
   51.041   -99.626    15.000
   51.041   -99.626    15.000
   51.041   -99.626    15.000
   51.041   -99.626    15.000
   58.423  -117.664    15.000
   58.423  -117.664    15.000
   58.423  -117.664    15.000
   58.423  -117.664    15.000
   58.423  -117.664    15.000
   50.453  -100.404    15.000
   50.453  -100.404    15.000
   50.453  -100.404    15.000
   50.453  -100.404    15.000
   50.453  -100.404    15.000
   50.532  -100.141    15.000
   50.532  -100.141    15.000
   50.532  -100.141    15.000
   50.532  -100.141    15.000
   50.532  -100.141    15.000
   50.244   -99.594    15.000
   50.244   -99.594    15.000
   50.244   -99.594    15.000
   50.244   -99.594    15.000
   50.244   -99.594    15.000
   53.692  -101.407    15.000
   53.692  -101.407    15.000
   53.692  -101.407    15.000
   53.692  -101.407    15.000
   53.692  -101.407    15.000
   53.723  -101.458    15.000
   53.723  -101.458    15.000
   53.723  -101.458    15.000
   53.723  -101.458    15.000
   53.723  -101.458    15.000
   52.050  -101.493    15.000
   52.050  -101.493    15.000
   52.050  -101.493    15.000
   52.050  -101.493    15.000
   52.050  -101.493    15.000
   49.660  -101.457    15.000
   49.660  -101.457    15.000
   49.660  -101.457    15.000
   49.660  -101.457    15.000
   49.660  -101.457    15.000
   50.290  -102.304    15.000
   50.290  -102.304    15.000
   50.290  -102.304    15.000
   50.290  -102.304    15.000
   50.290  -102.304    15.000
   50.734  -100.910    15.000
   50.734  -100.910    15.000
   50.734  -100.910    15.000
   50.734  -100.910    15.000
   50.734  -100.910    15.000
   51.046  -100.731    15.000
   51.046  -100.731    15.000
   51.046  -100.731    15.000
   51.046  -100.731    15.000
   51.046  -100.731    15.000
   51.114  -101.049    15.000
   51.114  -101.049    15.000
   51.114  -101.049    15.000
   51.114  -101.049    15.000
   51.114  -101.049    15.000
   51.283   -97.491    15.000
   51.283   -97.491    15.000
   51.283   -97.491    15.000
   51.283   -97.491    15.000
   51.283   -97.491    15.000
   52.036  -104.877    15.000
   52.036  -104.877    15.000
   52.036  -104.877    15.000
   52.036  -104.877    15.000
   52.036  -104.877    15.000
   53.420  -105.424    15.000
   53.420  -105.424    15.000
   53.420  -105.424    15.000
   53.420  -105.424    15.000
   53.420  -105.424    15.000
   30.266   -84.066    15.000
   30.266   -84.066    15.000
   30.266   -84.066    15.000
   30.266   -84.066    15.000
   30.266   -84.066    15.000
   31.192  -102.985    15.000
   31.192  -102.985    15.000
   31.192  -102.985    15.000
   31.192  -102.985    15.000
   31.192  -102.985    15.000
   28.987   -82.240    15.000
   28.987   -82.240    15.000
   28.987   -82.240    15.000
   28.987   -82.240    15.000
   28.987   -82.240    15.000
   30.655   -83.746    15.000
   30.655   -83.746    15.000
   30.655   -83.746    15.000
   30.655   -83.746    15.000
   30.655   -83.746    15.000
   33.067   -82.178    15.000
   33.067   -82.178    15.000
   33.067   -82.178    15.000
   33.067   -82.178    15.000
   33.067   -82.178    15.000
   32.811   -83.558    15.000
   32.811   -83.558    15.000
   32.811   -83.558    15.000
   32.811   -83.558    15.000
   32.811   -83.558    15.000
   32.412  -101.632    15.000
   32.412  -101.632    15.000
   32.412  -101.632    15.000
   32.412  -101.632    15.000
   32.412  -101.632    15.000
   47.412   -96.172    15.000
   47.412   -96.172    15.000
   47.412   -96.172    15.000
   47.412   -96.172    15.000
   47.412   -96.172    15.000
   28.404  -100.652    15.000
   28.404  -100.652    15.000
   28.404  -100.652    15.000
   28.404  -100.652    15.000
   28.404  -100.652    15.000
   26.231  -108.866    15.000
   26.231  -108.866    15.000
   26.231  -108.866    15.000
   26.231  -108.866    15.000
   26.231  -108.866    15.000
   30.585   -83.175    15.000
   30.585   -83.175    15.000
   30.585   -83.175    15.000
   30.585   -83.175    15.000
   30.585   -83.175    15.000
   30.988   -83.523    15.000
   30.988   -83.523    15.000
   30.988   -83.523    15.000
   30.988   -83.523    15.000
   30.988   -83.523    15.000
   34.416   -78.062    15.000
   34.416   -78.062    15.000
   34.416   -78.062    15.000
   34.416   -78.062    15.000
   34.416   -78.062    15.000
   48.914   -96.089    15.000
   48.914   -96.089    15.000
   48.914   -96.089    15.000
   48.914   -96.089    15.000
   48.914   -96.089    15.000
   47.255   -95.871    15.000
   47.255   -95.871    15.000
   47.255   -95.871    15.000
   47.255   -95.871    15.000
   47.255   -95.871    15.000
   25.936  -107.880    15.000
   25.936  -107.880    15.000
   25.936  -107.880    15.000
   25.936  -107.880    15.000
   25.936  -107.880    15.000
   26.325  -108.997    15.000
   26.325  -108.997    15.000
   26.325  -108.997    15.000
   26.325  -108.997    15.000
   26.325  -108.997    15.000
   27.431  -111.874    15.000
   27.431  -111.874    15.000
   27.431  -111.874    15.000
   27.431  -111.874    15.000
   27.431  -111.874    15.000
   51.286  -103.795    15.000
   51.286  -103.795    15.000
   51.286  -103.795    15.000
   51.286  -103.795    15.000
   51.286  -103.795    15.000
   53.740   -84.226    15.000
   53.740   -84.226    15.000
   53.740   -84.226    15.000
   53.740   -84.226    15.000
   53.740   -84.226    15.000
   55.366  -121.034    15.000
   55.366  -121.034    15.000
   55.366  -121.034    15.000
   55.366  -121.034    15.000
   55.366  -121.034    15.000
   30.938   -88.015    15.000
   30.938   -88.015    15.000
   30.938   -88.015    15.000
   30.938   -88.015    15.000
   30.938   -88.015    15.000
   31.641   -85.754    15.000
   31.641   -85.754    15.000
   31.641   -85.754    15.000
   31.641   -85.754    15.000
   31.641   -85.754    15.000
   36.597   -79.333    15.000
   36.597   -79.333    15.000
   36.597   -79.333    15.000
   36.597   -79.333    15.000
   36.597   -79.333    15.000
   36.731   -79.875    15.000
   36.731   -79.875    15.000
   36.731   -79.875    15.000
   36.731   -79.875    15.000
   36.731   -79.875    15.000
   37.007   -79.883    15.000
   37.007   -79.883    15.000
   37.007   -79.883    15.000
   37.007   -79.883    15.000
   37.007   -79.883    15.000
   59.171  -113.936    15.000
   59.171  -113.936    15.000
   59.171  -113.936    15.000
   59.171  -113.936    15.000
   59.171  -113.936    15.000
   54.247  -108.556    15.000
   54.247  -108.556    15.000
   54.247  -108.556    15.000
   54.247  -108.556    15.000
   54.247  -108.556    15.000
   51.384   -99.655    15.000
   51.384   -99.655    15.000
   51.384   -99.655    15.000
   51.384   -99.655    15.000
   51.384   -99.655    15.000
   51.542  -101.372    15.000
   51.542  -101.372    15.000
   51.542  -101.372    15.000
   51.542  -101.372    15.000
   51.542  -101.372    15.000
   25.175  -107.568    15.000
   25.175  -107.568    15.000
   25.175  -107.568    15.000
   25.175  -107.568    15.000
   25.175  -107.568    15.000
   25.435  -107.578    15.000
   25.435  -107.578    15.000
   25.435  -107.578    15.000
   25.435  -107.578    15.000
   25.435  -107.578    15.000
   25.234  -107.556    15.000
   25.234  -107.556    15.000
   25.234  -107.556    15.000
   25.234  -107.556    15.000
   25.234  -107.556    15.000
   25.476  -107.802    15.000
   25.476  -107.802    15.000
   25.476  -107.802    15.000
   25.476  -107.802    15.000
   25.476  -107.802    15.000
   33.002   -79.877    15.000
   33.002   -79.877    15.000
   33.002   -79.877    15.000
   33.002   -79.877    15.000
   33.002   -79.877    15.000
   41.161   -75.402    15.000
   41.161   -75.402    15.000
   41.161   -75.402    15.000
   41.161   -75.402    15.000
   41.161   -75.402    15.000
   29.120   -97.484    15.000
   29.120   -97.484    15.000
   29.120   -97.484    15.000
   29.120   -97.484    15.000
   29.120   -97.484    15.000
   32.791   -97.216    15.000
   32.791   -97.216    15.000
   32.791   -97.216    15.000
   32.791   -97.216    15.000
   32.791   -97.216    15.000
   32.887   -97.064    15.000
   32.887   -97.064    15.000
   32.887   -97.064    15.000
   32.887   -97.064    15.000
   32.887   -97.064    15.000
   40.725   -76.316    15.000
   40.725   -76.316    15.000
   40.725   -76.316    15.000
   40.725   -76.316    15.000
   40.725   -76.316    15.000
   40.909   -76.095    15.000
   40.909   -76.095    15.000
   40.909   -76.095    15.000
   40.909   -76.095    15.000
   40.909   -76.095    15.000
   26.983   -80.155    15.000
   26.983   -80.155    15.000
   26.983   -80.155    15.000
   26.983   -80.155    15.000
   26.983   -80.155    15.000
   27.609   -81.094    15.000
   27.609   -81.094    15.000
   27.609   -81.094    15.000
   27.609   -81.094    15.000
   27.609   -81.094    15.000
   27.161   -82.260    15.000
   27.161   -82.260    15.000
   27.161   -82.260    15.000
   27.161   -82.260    15.000
   27.161   -82.260    15.000
   29.104  -106.564    15.000
   29.104  -106.564    15.000
   29.104  -106.564    15.000
   29.104  -106.564    15.000
   29.104  -106.564    15.000
   26.541   -80.479    15.000
   26.541   -80.479    15.000
   26.541   -80.479    15.000
   26.541   -80.479    15.000
   26.541   -80.479    15.000
   41.598   -76.022    15.000
   41.598   -76.022    15.000
   41.598   -76.022    15.000
   41.598   -76.022    15.000
   41.598   -76.022    15.000
   28.059   -81.420    15.000
   28.059   -81.420    15.000
   28.059   -81.420    15.000
   28.059   -81.420    15.000
   28.059   -81.420    15.000
   33.000  -110.770    15.000
   33.000  -110.770    15.000
   33.000  -110.770    15.000
   33.000  -110.770    15.000
   33.000  -110.770    15.000
   34.984   -79.537    15.000
   34.984   -79.537    15.000
   34.984   -79.537    15.000
   34.984   -79.537    15.000
   34.984   -79.537    15.000
   30.506   -84.960    15.000
   30.506   -84.960    15.000
   30.506   -84.960    15.000
   30.506   -84.960    15.000
   30.506   -84.960    15.000
   51.403   -99.207    15.000
   51.403   -99.207    15.000
   51.403   -99.207    15.000
   51.403   -99.207    15.000
   51.403   -99.207    15.000
   51.076   -99.093    15.000
   51.076   -99.093    15.000
   51.076   -99.093    15.000
   51.076   -99.093    15.000
   51.076   -99.093    15.000
   50.613   -97.442    15.000
   50.613   -97.442    15.000
   50.613   -97.442    15.000
   50.613   -97.442    15.000
   50.613   -97.442    15.000
   51.321   -97.547    15.000
   51.321   -97.547    15.000
   51.321   -97.547    15.000
   51.321   -97.547    15.000
   51.321   -97.547    15.000
   57.139  -117.980    15.000
   57.139  -117.980    15.000
   57.139  -117.980    15.000
   57.139  -117.980    15.000
   57.139  -117.980    15.000
   58.565  -117.516    15.000
   58.565  -117.516    15.000
   58.565  -117.516    15.000
   58.565  -117.516    15.000
   58.565  -117.516    15.000
   58.487  -117.647    15.000
   58.487  -117.647    15.000
   58.487  -117.647    15.000
   58.487  -117.647    15.000
   58.487  -117.647    15.000
   58.361  -117.409    15.000
   58.361  -117.409    15.000
   58.361  -117.409    15.000
   58.361  -117.409    15.000
   58.361  -117.409    15.000
   54.866  -123.027    15.000
   54.866  -123.027    15.000
   54.866  -123.027    15.000
   54.866  -123.027    15.000
   54.866  -123.027    15.000
   59.299  -112.106    15.000
   59.299  -112.106    15.000
   59.299  -112.106    15.000
   59.299  -112.106    15.000
   59.299  -112.106    15.000
   35.595   -76.139    15.000
   35.595   -76.139    15.000
   35.595   -76.139    15.000
   35.595   -76.139    15.000
   35.595   -76.139    15.000
   26.332  -106.787    15.000
   26.332  -106.787    15.000
   26.332  -106.787    15.000
   26.332  -106.787    15.000
   26.332  -106.787    15.000
   26.441  -107.151    15.000
   26.441  -107.151    15.000
   26.441  -107.151    15.000
   26.441  -107.151    15.000
   26.441  -107.151    15.000
   58.955  -127.355    15.000
   58.955  -127.355    15.000
   58.955  -127.355    15.000
   58.955  -127.355    15.000
   58.955  -127.355    15.000
   27.847  -105.597    15.000
   27.847  -105.597    15.000
   27.847  -105.597    15.000
   27.847  -105.597    15.000
   27.847  -105.597    15.000
   25.980  -107.978    15.000
   25.980  -107.978    15.000
   25.980  -107.978    15.000
   25.980  -107.978    15.000
   25.980  -107.978    15.000
   28.719  -106.112    15.000
   28.719  -106.112    15.000
   28.719  -106.112    15.000
   28.719  -106.112    15.000
   28.719  -106.112    15.000
   25.396  -107.284    15.000
   25.396  -107.284    15.000
   25.396  -107.284    15.000
   25.396  -107.284    15.000
   25.396  -107.284    15.000
   25.479  -107.343    15.000
   25.479  -107.343    15.000
   25.479  -107.343    15.000
   25.479  -107.343    15.000
   25.479  -107.343    15.000
   25.512  -107.086    15.000
   25.512  -107.086    15.000
   25.512  -107.086    15.000
   25.512  -107.086    15.000
   25.512  -107.086    15.000
   43.027   -71.156    15.000
   43.027   -71.156    15.000
   43.027   -71.156    15.000
   43.027   -71.156    15.000
   43.027   -71.156    15.000
   51.289   -99.169    15.000
   51.289   -99.169    15.000
   51.289   -99.169    15.000
   51.289   -99.169    15.000
   51.289   -99.169    15.000
   32.777   -83.648    15.000
   32.777   -83.648    15.000
   32.777   -83.648    15.000
   32.777   -83.648    15.000
   32.777   -83.648    15.000
   40.897   -74.576    15.000
   40.897   -74.576    15.000
   40.897   -74.576    15.000
   40.897   -74.576    15.000
   40.897   -74.576    15.000
   41.127   -75.901    15.000
   41.127   -75.901    15.000
   41.127   -75.901    15.000
   41.127   -75.901    15.000
   41.127   -75.901    15.000
   49.791   -98.211    15.000
   49.791   -98.211    15.000
   49.791   -98.211    15.000
   49.791   -98.211    15.000
   49.791   -98.211    15.000
   55.792  -114.589    15.000
   55.792  -114.589    15.000
   55.792  -114.589    15.000
   55.792  -114.589    15.000
   55.792  -114.589    15.000
   55.804  -114.414    15.000
   55.804  -114.414    15.000
   55.804  -114.414    15.000
   55.804  -114.414    15.000
   55.804  -114.414    15.000
   57.038  -117.860    15.000
   57.038  -117.860    15.000
   57.038  -117.860    15.000
   57.038  -117.860    15.000
   57.038  -117.860    15.000
   58.402  -117.355    15.000
   58.402  -117.355    15.000
   58.402  -117.355    15.000
   58.402  -117.355    15.000
   58.402  -117.355    15.000
   54.105  -116.150    15.000
   54.105  -116.150    15.000
   54.105  -116.150    15.000
   54.105  -116.150    15.000
   54.105  -116.150    15.000
   55.823  -114.551    15.000
   55.823  -114.551    15.000
   55.823  -114.551    15.000
   55.823  -114.551    15.000
   55.823  -114.551    15.000
   58.360  -117.280    15.000
   58.360  -117.280    15.000
   58.360  -117.280    15.000
   58.360  -117.280    15.000
   58.360  -117.280    15.000
   51.956  -103.140    15.000
   51.956  -103.140    15.000
   51.956  -103.140    15.000
   51.956  -103.140    15.000
   51.956  -103.140    15.000
   53.440  -106.905    15.000
   53.440  -106.905    15.000
   53.440  -106.905    15.000
   53.440  -106.905    15.000
   53.440  -106.905    15.000
   51.222   -93.962    15.000
   51.222   -93.962    15.000
   51.222   -93.962    15.000
   51.222   -93.962    15.000
   51.222   -93.962    15.000
   58.566  -118.002    15.000
   58.566  -118.002    15.000
   58.566  -118.002    15.000
   58.566  -118.002    15.000
   58.566  -118.002    15.000
   55.770  -114.520    15.000
   55.770  -114.520    15.000
   55.770  -114.520    15.000
   55.770  -114.520    15.000
   55.770  -114.520    15.000
   36.039   -80.321    15.000
   36.039   -80.321    15.000
   36.039   -80.321    15.000
   36.039   -80.321    15.000
   36.039   -80.321    15.000
   36.099   -80.062    15.000
   36.099   -80.062    15.000
   36.099   -80.062    15.000
   36.099   -80.062    15.000
   36.099   -80.062    15.000
   31.387   -84.233    15.000
   31.387   -84.233    15.000
   31.387   -84.233    15.000
   31.387   -84.233    15.000
   31.387   -84.233    15.000
   31.428   -84.120    15.000
   31.428   -84.120    15.000
   31.428   -84.120    15.000
   31.428   -84.120    15.000
   31.428   -84.120    15.000
   31.616   -83.902    15.000
   31.616   -83.902    15.000
   31.616   -83.902    15.000
   31.616   -83.902    15.000
   31.616   -83.902    15.000
   30.368   -82.415    15.000
   30.368   -82.415    15.000
   30.368   -82.415    15.000
   30.368   -82.415    15.000
   30.368   -82.415    15.000
   33.006   -82.273    15.000
   33.006   -82.273    15.000
   33.006   -82.273    15.000
   33.006   -82.273    15.000
   33.006   -82.273    15.000
   31.911   -83.330    15.000
   31.911   -83.330    15.000
   31.911   -83.330    15.000
   31.911   -83.330    15.000
   31.911   -83.330    15.000
   30.813   -84.675    15.000
   30.813   -84.675    15.000
   30.813   -84.675    15.000
   30.813   -84.675    15.000
   30.813   -84.675    15.000
   33.033   -84.962    15.000
   33.033   -84.962    15.000
   33.033   -84.962    15.000
   33.033   -84.962    15.000
   33.033   -84.962    15.000
   30.297   -82.860    15.000
   30.297   -82.860    15.000
   30.297   -82.860    15.000
   30.297   -82.860    15.000
   30.297   -82.860    15.000
   30.359   -83.147    15.000
   30.359   -83.147    15.000
   30.359   -83.147    15.000
   30.359   -83.147    15.000
   30.359   -83.147    15.000
   36.288   -78.392    15.000
   36.288   -78.392    15.000
   36.288   -78.392    15.000
   36.288   -78.392    15.000
   36.288   -78.392    15.000
   37.202   -76.596    15.000
   37.202   -76.596    15.000
   37.202   -76.596    15.000
   37.202   -76.596    15.000
   37.202   -76.596    15.000
   29.983   -81.757    15.000
   29.983   -81.757    15.000
   29.983   -81.757    15.000
   29.983   -81.757    15.000
   29.983   -81.757    15.000
   30.639   -84.092    15.000
   30.639   -84.092    15.000
   30.639   -84.092    15.000
   30.639   -84.092    15.000
   30.639   -84.092    15.000
   30.689   -84.056    15.000
   30.689   -84.056    15.000
   30.689   -84.056    15.000
   30.689   -84.056    15.000
   30.689   -84.056    15.000
   33.287   -81.638    15.000
   33.287   -81.638    15.000
   33.287   -81.638    15.000
   33.287   -81.638    15.000
   33.287   -81.638    15.000
   33.988   -81.981    15.000
   33.988   -81.981    15.000
   33.988   -81.981    15.000
   33.988   -81.981    15.000
   33.988   -81.981    15.000
   34.455   -82.687    15.000
   34.455   -82.687    15.000
   34.455   -82.687    15.000
   34.455   -82.687    15.000
   34.455   -82.687    15.000
   35.141   -79.341    15.000
   35.141   -79.341    15.000
   35.141   -79.341    15.000
   35.141   -79.341    15.000
   35.141   -79.341    15.000
   35.709   -79.977    15.000
   35.709   -79.977    15.000
   35.709   -79.977    15.000
   35.709   -79.977    15.000
   35.709   -79.977    15.000
   35.779   -79.811    15.000
   35.779   -79.811    15.000
   35.779   -79.811    15.000
   35.779   -79.811    15.000
   35.779   -79.811    15.000
   35.895   -79.952    15.000
   35.895   -79.952    15.000
   35.895   -79.952    15.000
   35.895   -79.952    15.000
   35.895   -79.952    15.000
   35.935   -80.600    15.000
   35.935   -80.600    15.000
   35.935   -80.600    15.000
   35.935   -80.600    15.000
   35.935   -80.600    15.000
   36.222   -80.307    15.000
   36.222   -80.307    15.000
   36.222   -80.307    15.000
   36.222   -80.307    15.000
   36.222   -80.307    15.000
   36.547   -79.813    15.000
   36.547   -79.813    15.000
   36.547   -79.813    15.000
   36.547   -79.813    15.000
   36.547   -79.813    15.000
   33.234   -87.506    15.000
   33.234   -87.506    15.000
   33.234   -87.506    15.000
   33.234   -87.506    15.000
   33.234   -87.506    15.000
   30.983   -88.071    15.000
   30.983   -88.071    15.000
   30.983   -88.071    15.000
   30.983   -88.071    15.000
   30.983   -88.071    15.000
   30.343   -83.220    15.000
   30.343   -83.220    15.000
   30.343   -83.220    15.000
   30.343   -83.220    15.000
   30.343   -83.220    15.000
   30.222   -82.882    15.000
   30.222   -82.882    15.000
   30.222   -82.882    15.000
   30.222   -82.882    15.000
   30.222   -82.882    15.000
   51.396  -103.867    15.000
   51.396  -103.867    15.000
   51.396  -103.867    15.000
   51.396  -103.867    15.000
   51.396  -103.867    15.000
   25.530  -107.810    15.000
   25.530  -107.810    15.000
   25.530  -107.810    15.000
   25.530  -107.810    15.000
   25.530  -107.810    15.000
   25.580  -107.427    15.000
   25.580  -107.427    15.000
   25.580  -107.427    15.000
   25.580  -107.427    15.000
   25.580  -107.427    15.000
   25.596  -107.580    15.000
   25.596  -107.580    15.000
   25.596  -107.580    15.000
   25.596  -107.580    15.000
   25.596  -107.580    15.000
   26.688  -107.771    15.000
   26.688  -107.771    15.000
   26.688  -107.771    15.000
   26.688  -107.771    15.000
   26.688  -107.771    15.000
   26.856  -108.603    15.000
   26.856  -108.603    15.000
   26.856  -108.603    15.000
   26.856  -108.603    15.000
   26.856  -108.603    15.000
   27.239  -108.817    15.000
   27.239  -108.817    15.000
   27.239  -108.817    15.000
   27.239  -108.817    15.000
   27.239  -108.817    15.000
   27.589  -107.967    15.000
   27.589  -107.967    15.000
   27.589  -107.967    15.000
   27.589  -107.967    15.000
   27.589  -107.967    15.000
   25.609  -107.543    15.000
   25.609  -107.543    15.000
   25.609  -107.543    15.000
   25.609  -107.543    15.000
   25.609  -107.543    15.000
   26.236  -108.759    15.000
   26.236  -108.759    15.000
   26.236  -108.759    15.000
   26.236  -108.759    15.000
   26.236  -108.759    15.000
   26.843  -107.787    15.000
   26.843  -107.787    15.000
   26.843  -107.787    15.000
   26.843  -107.787    15.000
   26.843  -107.787    15.000
   26.326   -81.600    15.000
   26.326   -81.600    15.000
   26.326   -81.600    15.000
   26.326   -81.600    15.000
   26.326   -81.600    15.000
   32.137  -100.707    15.000
   32.137  -100.707    15.000
   32.137  -100.707    15.000
   32.137  -100.707    15.000
   32.137  -100.707    15.000
   31.436  -101.585    15.000
   31.436  -101.585    15.000
   31.436  -101.585    15.000
   31.436  -101.585    15.000
   31.436  -101.585    15.000
   47.420   -96.114    15.000
   47.420   -96.114    15.000
   47.420   -96.114    15.000
   47.420   -96.114    15.000
   47.420   -96.114    15.000
   51.936  -101.853    15.000
   51.936  -101.853    15.000
   51.936  -101.853    15.000
   51.936  -101.853    15.000
   51.936  -101.853    15.000
   42.430   -76.511    15.000
   42.430   -76.511    15.000
   42.430   -76.511    15.000
   42.430   -76.511    15.000
   42.430   -76.511    15.000
   43.271   -77.163    15.000
   43.271   -77.163    15.000
   43.271   -77.163    15.000
   43.271   -77.163    15.000
   43.271   -77.163    15.000
   26.443   -80.348    15.000
   26.443   -80.348    15.000
   26.443   -80.348    15.000
   26.443   -80.348    15.000
   26.443   -80.348    15.000
   51.994  -102.849    15.000
   51.994  -102.849    15.000
   51.994  -102.849    15.000
   51.994  -102.849    15.000
   51.994  -102.849    15.000
   53.288  -103.140    15.000
   53.288  -103.140    15.000
   53.288  -103.140    15.000
   53.288  -103.140    15.000
   53.288  -103.140    15.000
   52.607  -104.118    15.000
   52.607  -104.118    15.000
   52.607  -104.118    15.000
   52.607  -104.118    15.000
   52.607  -104.118    15.000
   50.288  -100.082    15.000
   50.288  -100.082    15.000
   50.288  -100.082    15.000
   50.288  -100.082    15.000
   50.288  -100.082    15.000
   50.471  -100.017    15.000
   50.471  -100.017    15.000
   50.471  -100.017    15.000
   50.471  -100.017    15.000
   50.471  -100.017    15.000
   50.718  -101.090    15.000
   50.718  -101.090    15.000
   50.718  -101.090    15.000
   50.718  -101.090    15.000
   50.718  -101.090    15.000
   50.795  -101.268    15.000
   50.795  -101.268    15.000
   50.795  -101.268    15.000
   50.795  -101.268    15.000
   50.795  -101.268    15.000
   49.047   -97.212    15.000
   49.047   -97.212    15.000
   49.047   -97.212    15.000
   49.047   -97.212    15.000
   49.047   -97.212    15.000
   49.722   -98.292    15.000
   49.722   -98.292    15.000
   49.722   -98.292    15.000
   49.722   -98.292    15.000
   49.722   -98.292    15.000
   50.657  -103.107    15.000
   50.657  -103.107    15.000
   50.657  -103.107    15.000
   50.657  -103.107    15.000
   50.657  -103.107    15.000
   51.178  -104.723    15.000
   51.178  -104.723    15.000
   51.178  -104.723    15.000
   51.178  -104.723    15.000
   51.178  -104.723    15.000
   49.940   -99.330    15.000
   49.940   -99.330    15.000
   49.940   -99.330    15.000
   49.940   -99.330    15.000
   49.940   -99.330    15.000
   50.414  -100.073    15.000
   50.414  -100.073    15.000
   50.414  -100.073    15.000
   50.414  -100.073    15.000
   50.414  -100.073    15.000
   47.561   -97.397    15.000
   47.561   -97.397    15.000
   47.561   -97.397    15.000
   47.561   -97.397    15.000
   47.561   -97.397    15.000
   37.605   -75.831    15.000
   37.605   -75.831    15.000
   37.605   -75.831    15.000
   37.605   -75.831    15.000
   37.605   -75.831    15.000
   55.912  -120.382    15.000
   55.912  -120.382    15.000
   55.912  -120.382    15.000
   55.912  -120.382    15.000
   55.912  -120.382    15.000
   51.837  -101.825    15.000
   51.837  -101.825    15.000
   51.837  -101.825    15.000
   51.837  -101.825    15.000
   51.837  -101.825    15.000
   49.849   -98.318    15.000
   49.849   -98.318    15.000
   49.849   -98.318    15.000
   49.849   -98.318    15.000
   49.849   -98.318    15.000
   52.135  -100.741    15.000
   52.135  -100.741    15.000
   52.135  -100.741    15.000
   52.135  -100.741    15.000
   52.135  -100.741    15.000
   51.282  -101.822    15.000
   51.282  -101.822    15.000
   51.282  -101.822    15.000
   51.282  -101.822    15.000
   51.282  -101.822    15.000
   51.041  -101.723    15.000
   51.041  -101.723    15.000
   51.041  -101.723    15.000
   51.041  -101.723    15.000
   51.041  -101.723    15.000
   51.300  -101.778    15.000
   51.300  -101.778    15.000
   51.300  -101.778    15.000
   51.300  -101.778    15.000
   51.300  -101.778    15.000
   50.740  -101.685    15.000
   50.740  -101.685    15.000
   50.740  -101.685    15.000
   50.740  -101.685    15.000
   50.740  -101.685    15.000
   50.758  -101.706    15.000
   50.758  -101.706    15.000
   50.758  -101.706    15.000
   50.758  -101.706    15.000
   50.758  -101.706    15.000
   50.154   -99.450    15.000
   50.154   -99.450    15.000
   50.154   -99.450    15.000
   50.154   -99.450    15.000
   50.154   -99.450    15.000
   51.496  -100.197    15.000
   51.496  -100.197    15.000
   51.496  -100.197    15.000
   51.496  -100.197    15.000
   51.496  -100.197    15.000
   49.313  -101.856    15.000
   49.313  -101.856    15.000
   49.313  -101.856    15.000
   49.313  -101.856    15.000
   49.313  -101.856    15.000
   49.857   -97.383    15.000
   49.857   -97.383    15.000
   49.857   -97.383    15.000
   49.857   -97.383    15.000
   49.857   -97.383    15.000
   51.591   -98.701    15.000
   51.591   -98.701    15.000
   51.591   -98.701    15.000
   51.591   -98.701    15.000
   51.591   -98.701    15.000
   52.295  -103.780    15.000
   52.295  -103.780    15.000
   52.295  -103.780    15.000
   52.295  -103.780    15.000
   52.295  -103.780    15.000
   52.780  -106.083    15.000
   52.780  -106.083    15.000
   52.780  -106.083    15.000
   52.780  -106.083    15.000
   52.780  -106.083    15.000
   49.606  -101.835    15.000
   49.606  -101.835    15.000
   49.606  -101.835    15.000
   49.606  -101.835    15.000
   49.606  -101.835    15.000
   51.154  -102.375    15.000
   51.154  -102.375    15.000
   51.154  -102.375    15.000
   51.154  -102.375    15.000
   51.154  -102.375    15.000
   59.580  -128.696    15.000
   59.580  -128.696    15.000
   59.580  -128.696    15.000
   59.580  -128.696    15.000
   59.580  -128.696    15.000
   35.961   -80.468    15.000
   35.961   -80.468    15.000
   35.961   -80.468    15.000
   35.961   -80.468    15.000
   35.961   -80.468    15.000
   26.409   -80.335    15.000
   26.409   -80.335    15.000
   26.409   -80.335    15.000
   26.409   -80.335    15.000
   26.409   -80.335    15.000
   40.472   -75.770    15.000
   40.472   -75.770    15.000
   40.472   -75.770    15.000
   40.472   -75.770    15.000
   40.472   -75.770    15.000
   48.800  -101.157    15.000
   48.800  -101.157    15.000
   48.800  -101.157    15.000
   48.800  -101.157    15.000
   48.800  -101.157    15.000
   45.228  -123.164    15.000
   45.228  -123.164    15.000
   45.228  -123.164    15.000
   45.228  -123.164    15.000
   45.228  -123.164    15.000
   39.208  -121.505    15.000
   39.208  -121.505    15.000
   39.208  -121.505    15.000
   39.208  -121.505    15.000
   39.208  -121.505    15.000
   47.770   -96.162    15.000
   47.770   -96.162    15.000
   47.770   -96.162    15.000
   47.770   -96.162    15.000
   47.770   -96.162    15.000
   48.270   -97.094    15.000
   48.270   -97.094    15.000
   48.270   -97.094    15.000
   48.270   -97.094    15.000
   48.270   -97.094    15.000
   39.220   -78.148    15.000
   39.220   -78.148    15.000
   39.220   -78.148    15.000
   39.220   -78.148    15.000
   39.220   -78.148    15.000
   37.346   -75.917    15.000
   37.346   -75.917    15.000
   37.346   -75.917    15.000
   37.346   -75.917    15.000
   37.346   -75.917    15.000
   32.660   -83.097    15.000
   32.660   -83.097    15.000
   32.660   -83.097    15.000
   32.660   -83.097    15.000
   32.660   -83.097    15.000
   32.619   -81.599    15.000
   32.619   -81.599    15.000
   32.619   -81.599    15.000
   32.619   -81.599    15.000
   32.619   -81.599    15.000
   31.797   -82.401    15.000
   31.797   -82.401    15.000
   31.797   -82.401    15.000
   31.797   -82.401    15.000
   31.797   -82.401    15.000
   42.406   -78.161    15.000
   42.406   -78.161    15.000
   42.406   -78.161    15.000
   42.406   -78.161    15.000
   42.406   -78.161    15.000
   34.571   -78.279    15.000
   34.571   -78.279    15.000
   34.571   -78.279    15.000
   34.571   -78.279    15.000
   34.571   -78.279    15.000
   35.408   -77.020    15.000
   35.408   -77.020    15.000
   35.408   -77.020    15.000
   35.408   -77.020    15.000
   35.408   -77.020    15.000
   35.826   -80.840    15.000
   35.826   -80.840    15.000
   35.826   -80.840    15.000
   35.826   -80.840    15.000
   35.826   -80.840    15.000
   47.626   -97.467    15.000
   47.626   -97.467    15.000
   47.626   -97.467    15.000
   47.626   -97.467    15.000
   47.626   -97.467    15.000
   48.477   -97.224    15.000
   48.477   -97.224    15.000
   48.477   -97.224    15.000
   48.477   -97.224    15.000
   48.477   -97.224    15.000
   32.757   -96.887    15.000
   32.757   -96.887    15.000
   32.757   -96.887    15.000
   32.757   -96.887    15.000
   32.757   -96.887    15.000
   40.608   -75.327    15.000
   40.608   -75.327    15.000
   40.608   -75.327    15.000
   40.608   -75.327    15.000
   40.608   -75.327    15.000
   30.443   -99.671    15.000
   30.443   -99.671    15.000
   30.443   -99.671    15.000
   30.443   -99.671    15.000
   30.443   -99.671    15.000
   31.366   -98.438    15.000
   31.366   -98.438    15.000
   31.366   -98.438    15.000
   31.366   -98.438    15.000
   31.366   -98.438    15.000
   31.673  -102.096    15.000
   31.673  -102.096    15.000
   31.673  -102.096    15.000
   31.673  -102.096    15.000
   31.673  -102.096    15.000
   31.812   -97.913    15.000
   31.812   -97.913    15.000
   31.812   -97.913    15.000
   31.812   -97.913    15.000
   31.812   -97.913    15.000
   31.884  -103.809    15.000
   31.884  -103.809    15.000
   31.884  -103.809    15.000
   31.884  -103.809    15.000
   31.884  -103.809    15.000
   31.967  -102.595    15.000
   31.967  -102.595    15.000
   31.967  -102.595    15.000
   31.967  -102.595    15.000
   31.967  -102.595    15.000
   26.391   -80.376    15.000
   26.391   -80.376    15.000
   26.391   -80.376    15.000
   26.391   -80.376    15.000
   26.391   -80.376    15.000
   26.424   -80.408    15.000
   26.424   -80.408    15.000
   26.424   -80.408    15.000
   26.424   -80.408    15.000
   26.424   -80.408    15.000
   27.177   -81.100    15.000
   27.177   -81.100    15.000
   27.177   -81.100    15.000
   27.177   -81.100    15.000
   27.177   -81.100    15.000
   27.622   -81.052    15.000
   27.622   -81.052    15.000
   27.622   -81.052    15.000
   27.622   -81.052    15.000
   27.622   -81.052    15.000
   30.642   -83.991    15.000
   30.642   -83.991    15.000
   30.642   -83.991    15.000
   30.642   -83.991    15.000
   30.642   -83.991    15.000
   30.648   -84.851    15.000
   30.648   -84.851    15.000
   30.648   -84.851    15.000
   30.648   -84.851    15.000
   30.648   -84.851    15.000
   30.825   -84.953    15.000
   30.825   -84.953    15.000
   30.825   -84.953    15.000
   30.825   -84.953    15.000
   30.825   -84.953    15.000
   30.808   -84.502    15.000
   30.808   -84.502    15.000
   30.808   -84.502    15.000
   30.808   -84.502    15.000
   30.808   -84.502    15.000
   33.283   -81.673    15.000
   33.283   -81.673    15.000
   33.283   -81.673    15.000
   33.283   -81.673    15.000
   33.283   -81.673    15.000
   33.411   -81.898    15.000
   33.411   -81.898    15.000
   33.411   -81.898    15.000
   33.411   -81.898    15.000
   33.411   -81.898    15.000
   34.440   -77.692    15.000
   34.440   -77.692    15.000
   34.440   -77.692    15.000
   34.440   -77.692    15.000
   34.440   -77.692    15.000
   35.590   -80.867    15.000
   35.590   -80.867    15.000
   35.590   -80.867    15.000
   35.590   -80.867    15.000
   35.590   -80.867    15.000
   32.506   -85.773    15.000
   32.506   -85.773    15.000
   32.506   -85.773    15.000
   32.506   -85.773    15.000
   32.506   -85.773    15.000
   29.606   -81.833    15.000
   29.606   -81.833    15.000
   29.606   -81.833    15.000
   29.606   -81.833    15.000
   29.606   -81.833    15.000
   30.137   -83.109    15.000
   30.137   -83.109    15.000
   30.137   -83.109    15.000
   30.137   -83.109    15.000
   30.137   -83.109    15.000
   34.440   -84.911    15.000
   34.440   -84.911    15.000
   34.440   -84.911    15.000
   34.440   -84.911    15.000
   34.440   -84.911    15.000
   31.768   -81.349    15.000
   31.768   -81.349    15.000
   31.768   -81.349    15.000
   31.768   -81.349    15.000
   31.768   -81.349    15.000
   55.910  -114.661    15.000
   55.910  -114.661    15.000
   55.910  -114.661    15.000
   55.910  -114.661    15.000
   55.910  -114.661    15.000
   56.005  -114.670    15.000
   56.005  -114.670    15.000
   56.005  -114.670    15.000
   56.005  -114.670    15.000
   56.005  -114.670    15.000
   57.104  -118.046    15.000
   57.104  -118.046    15.000
   57.104  -118.046    15.000
   57.104  -118.046    15.000
   57.104  -118.046    15.000
   57.055  -117.895    15.000
   57.055  -117.895    15.000
   57.055  -117.895    15.000
   57.055  -117.895    15.000
   57.055  -117.895    15.000
   55.720  -114.445    15.000
   55.720  -114.445    15.000
   55.720  -114.445    15.000
   55.720  -114.445    15.000
   55.720  -114.445    15.000
   55.761  -114.382    15.000
   55.761  -114.382    15.000
   55.761  -114.382    15.000
   55.761  -114.382    15.000
   55.761  -114.382    15.000
   57.040  -117.850    15.000
   57.040  -117.850    15.000
   57.040  -117.850    15.000
   57.040  -117.850    15.000
   57.040  -117.850    15.000
   57.190  -117.938    15.000
   57.190  -117.938    15.000
   57.190  -117.938    15.000
   57.190  -117.938    15.000
   57.190  -117.938    15.000
   55.780  -114.595    15.000
   55.780  -114.595    15.000
   55.780  -114.595    15.000
   55.780  -114.595    15.000
   55.780  -114.595    15.000
   55.825  -114.670    15.000
   55.825  -114.670    15.000
   55.825  -114.670    15.000
   55.825  -114.670    15.000
   55.825  -114.670    15.000
   55.750  -114.510    15.000
   55.750  -114.510    15.000
   55.750  -114.510    15.000
   55.750  -114.510    15.000
   55.750  -114.510    15.000
   55.900  -114.490    15.000
   55.900  -114.490    15.000
   55.900  -114.490    15.000
   55.900  -114.490    15.000
   55.900  -114.490    15.000
   55.955  -114.560    15.000
   55.955  -114.560    15.000
   55.955  -114.560    15.000
   55.955  -114.560    15.000
   55.955  -114.560    15.000
   55.760  -114.540    15.000
   55.760  -114.540    15.000
   55.760  -114.540    15.000
   55.760  -114.540    15.000
   55.760  -114.540    15.000
   55.920  -114.530    15.000
   55.920  -114.530    15.000
   55.920  -114.530    15.000
   55.920  -114.530    15.000
   55.920  -114.530    15.000
   58.458  -117.250    15.000
   58.458  -117.250    15.000
   58.458  -117.250    15.000
   58.458  -117.250    15.000
   58.458  -117.250    15.000
   58.310  -117.511    15.000
   58.310  -117.511    15.000
   58.310  -117.511    15.000
   58.310  -117.511    15.000
   58.310  -117.511    15.000
   58.520  -117.430    15.000
   58.520  -117.430    15.000
   58.520  -117.430    15.000
   58.520  -117.430    15.000
   58.520  -117.430    15.000
   58.490  -117.770    15.000
   58.490  -117.770    15.000
   58.490  -117.770    15.000
   58.490  -117.770    15.000
   58.490  -117.770    15.000
   58.258  -117.352    15.000
   58.258  -117.352    15.000
   58.258  -117.352    15.000
   58.258  -117.352    15.000
   58.258  -117.352    15.000
   58.400  -117.640    15.000
   58.400  -117.640    15.000
   58.400  -117.640    15.000
   58.400  -117.640    15.000
   58.400  -117.640    15.000
   58.260  -117.350    15.000
   58.260  -117.350    15.000
   58.260  -117.350    15.000
   58.260  -117.350    15.000
   58.260  -117.350    15.000
   58.590  -117.930    15.000
   58.590  -117.930    15.000
   58.590  -117.930    15.000
   58.590  -117.930    15.000
   58.590  -117.930    15.000
   58.340  -117.229    15.000
   58.340  -117.229    15.000
   58.340  -117.229    15.000
   58.340  -117.229    15.000
   58.340  -117.229    15.000
   58.345  -117.570    15.000
   58.345  -117.570    15.000
   58.345  -117.570    15.000
   58.345  -117.570    15.000
   58.345  -117.570    15.000
   55.000   -98.500    15.000
   55.000   -98.500    15.000
   55.000   -98.500    15.000
   55.000   -98.500    15.000
   55.000   -98.500    15.000
0024
0
  10000.0
1
./
ERA5-20190522-00-casestudy-31km.arl
1
PM25
0.001
    24.000
19 05 22 00 00
1
   55.000   -98.500
    0.100     0.100
   30.000    92.000
./
hysplit.con
1
10
19 05 22 00 00
19 05 23 00 00
0 1 0
1
1 1 1
0 0 0 0 0
0 0 0
0
0.0
