19 06 03 00
1370
   49.837  -123.026    15.000
   49.837  -123.026    15.000
   49.837  -123.026    15.000
   49.837  -123.026    15.000
   49.837  -123.026    15.000
   49.482  -123.723    15.000
   49.482  -123.723    15.000
   49.482  -123.723    15.000
   49.482  -123.723    15.000
   49.482  -123.723    15.000
   56.269  -114.473    15.000
   56.269  -114.473    15.000
   56.269  -114.473    15.000
   56.269  -114.473    15.000
   56.269  -114.473    15.000
   35.297  -111.407    15.000
   35.297  -111.407    15.000
   35.297  -111.407    15.000
   35.297  -111.407    15.000
   35.297  -111.407    15.000
   55.688  -114.152    15.000
   55.688  -114.152    15.000
   55.688  -114.152    15.000
   55.688  -114.152    15.000
   55.688  -114.152    15.000
   55.690  -114.228    15.000
   55.690  -114.228    15.000
   55.690  -114.228    15.000
   55.690  -114.228    15.000
   55.690  -114.228    15.000
   33.014   -79.879    15.000
   33.014   -79.879    15.000
   33.014   -79.879    15.000
   33.014   -79.879    15.000
   33.014   -79.879    15.000
   48.116   -98.243    15.000
   48.116   -98.243    15.000
   48.116   -98.243    15.000
   48.116   -98.243    15.000
   48.116   -98.243    15.000
   55.808  -113.997    15.000
   55.808  -113.997    15.000
   55.808  -113.997    15.000
   55.808  -113.997    15.000
   55.808  -113.997    15.000
   48.493  -120.116    15.000
   48.493  -120.116    15.000
   48.493  -120.116    15.000
   48.493  -120.116    15.000
   48.493  -120.116    15.000
   55.933  -114.122    15.000
   55.933  -114.122    15.000
   55.933  -114.122    15.000
   55.933  -114.122    15.000
   55.933  -114.122    15.000
   46.425   -98.490    15.000
   46.425   -98.490    15.000
   46.425   -98.490    15.000
   46.425   -98.490    15.000
   46.425   -98.490    15.000
   57.074  -118.198    15.000
   57.074  -118.198    15.000
   57.074  -118.198    15.000
   57.074  -118.198    15.000
   57.074  -118.198    15.000
   35.339  -111.426    15.000
   35.339  -111.426    15.000
   35.339  -111.426    15.000
   35.339  -111.426    15.000
   35.339  -111.426    15.000
   51.214   -98.900    15.000
   51.214   -98.900    15.000
   51.214   -98.900    15.000
   51.214   -98.900    15.000
   51.214   -98.900    15.000
   48.681   -99.464    15.000
   48.681   -99.464    15.000
   48.681   -99.464    15.000
   48.681   -99.464    15.000
   48.681   -99.464    15.000
   46.826   -97.467    15.000
   46.826   -97.467    15.000
   46.826   -97.467    15.000
   46.826   -97.467    15.000
   46.826   -97.467    15.000
   46.849   -97.839    15.000
   46.849   -97.839    15.000
   46.849   -97.839    15.000
   46.849   -97.839    15.000
   46.849   -97.839    15.000
   46.865   -97.714    15.000
   46.865   -97.714    15.000
   46.865   -97.714    15.000
   46.865   -97.714    15.000
   46.865   -97.714    15.000
   46.945   -97.519    15.000
   46.945   -97.519    15.000
   46.945   -97.519    15.000
   46.945   -97.519    15.000
   46.945   -97.519    15.000
   47.109   -98.294    15.000
   47.109   -98.294    15.000
   47.109   -98.294    15.000
   47.109   -98.294    15.000
   47.109   -98.294    15.000
   47.240   -97.741    15.000
   47.240   -97.741    15.000
   47.240   -97.741    15.000
   47.240   -97.741    15.000
   47.240   -97.741    15.000
   43.827  -123.571    15.000
   43.827  -123.571    15.000
   43.827  -123.571    15.000
   43.827  -123.571    15.000
   43.827  -123.571    15.000
   44.464   -88.097    15.000
   44.464   -88.097    15.000
   44.464   -88.097    15.000
   44.464   -88.097    15.000
   44.464   -88.097    15.000
   33.005  -110.770    15.000
   33.005  -110.770    15.000
   33.005  -110.770    15.000
   33.005  -110.770    15.000
   33.005  -110.770    15.000
   35.962   -86.487    15.000
   35.962   -86.487    15.000
   35.962   -86.487    15.000
   35.962   -86.487    15.000
   35.962   -86.487    15.000
   36.065   -86.437    15.000
   36.065   -86.437    15.000
   36.065   -86.437    15.000
   36.065   -86.437    15.000
   36.065   -86.437    15.000
   31.699   -86.057    15.000
   31.699   -86.057    15.000
   31.699   -86.057    15.000
   31.699   -86.057    15.000
   31.699   -86.057    15.000
   44.938   -84.342    15.000
   44.938   -84.342    15.000
   44.938   -84.342    15.000
   44.938   -84.342    15.000
   44.938   -84.342    15.000
   25.567  -107.560    15.000
   25.567  -107.560    15.000
   25.567  -107.560    15.000
   25.567  -107.560    15.000
   25.567  -107.560    15.000
   26.486  -107.321    15.000
   26.486  -107.321    15.000
   26.486  -107.321    15.000
   26.486  -107.321    15.000
   26.486  -107.321    15.000
   26.662  -106.824    15.000
   26.662  -106.824    15.000
   26.662  -106.824    15.000
   26.662  -106.824    15.000
   26.662  -106.824    15.000
   26.626  -107.111    15.000
   26.626  -107.111    15.000
   26.626  -107.111    15.000
   26.626  -107.111    15.000
   26.626  -107.111    15.000
   26.694  -107.842    15.000
   26.694  -107.842    15.000
   26.694  -107.842    15.000
   26.694  -107.842    15.000
   26.694  -107.842    15.000
   28.788  -110.126    15.000
   28.788  -110.126    15.000
   28.788  -110.126    15.000
   28.788  -110.126    15.000
   28.788  -110.126    15.000
   31.157  -111.037    15.000
   31.157  -111.037    15.000
   31.157  -111.037    15.000
   31.157  -111.037    15.000
   31.157  -111.037    15.000
   55.968  -114.823    15.000
   55.968  -114.823    15.000
   55.968  -114.823    15.000
   55.968  -114.823    15.000
   55.968  -114.823    15.000
   56.062  -114.610    15.000
   56.062  -114.610    15.000
   56.062  -114.610    15.000
   56.062  -114.610    15.000
   56.062  -114.610    15.000
   57.093  -117.806    15.000
   57.093  -117.806    15.000
   57.093  -117.806    15.000
   57.093  -117.806    15.000
   57.093  -117.806    15.000
   56.379  -114.076    15.000
   56.379  -114.076    15.000
   56.379  -114.076    15.000
   56.379  -114.076    15.000
   56.379  -114.076    15.000
   55.989  -114.842    15.000
   55.989  -114.842    15.000
   55.989  -114.842    15.000
   55.989  -114.842    15.000
   55.989  -114.842    15.000
   56.187  -114.501    15.000
   56.187  -114.501    15.000
   56.187  -114.501    15.000
   56.187  -114.501    15.000
   56.187  -114.501    15.000
   55.631  -114.336    15.000
   55.631  -114.336    15.000
   55.631  -114.336    15.000
   55.631  -114.336    15.000
   55.631  -114.336    15.000
   57.061  -117.782    15.000
   57.061  -117.782    15.000
   57.061  -117.782    15.000
   57.061  -117.782    15.000
   57.061  -117.782    15.000
   56.184  -114.420    15.000
   56.184  -114.420    15.000
   56.184  -114.420    15.000
   56.184  -114.420    15.000
   56.184  -114.420    15.000
   56.023  -114.668    15.000
   56.023  -114.668    15.000
   56.023  -114.668    15.000
   56.023  -114.668    15.000
   56.023  -114.668    15.000
   51.216  -101.937    15.000
   51.216  -101.937    15.000
   51.216  -101.937    15.000
   51.216  -101.937    15.000
   51.216  -101.937    15.000
   42.686  -111.592    15.000
   42.686  -111.592    15.000
   42.686  -111.592    15.000
   42.686  -111.592    15.000
   42.686  -111.592    15.000
   55.790  -114.052    15.000
   55.790  -114.052    15.000
   55.790  -114.052    15.000
   55.790  -114.052    15.000
   55.790  -114.052    15.000
   46.609   -98.772    15.000
   46.609   -98.772    15.000
   46.609   -98.772    15.000
   46.609   -98.772    15.000
   46.609   -98.772    15.000
   46.244   -97.974    15.000
   46.244   -97.974    15.000
   46.244   -97.974    15.000
   46.244   -97.974    15.000
   46.244   -97.974    15.000
   46.477   -98.674    15.000
   46.477   -98.674    15.000
   46.477   -98.674    15.000
   46.477   -98.674    15.000
   46.477   -98.674    15.000
   47.139   -97.111    15.000
   47.139   -97.111    15.000
   47.139   -97.111    15.000
   47.139   -97.111    15.000
   47.139   -97.111    15.000
   26.105  -107.059    15.000
   26.105  -107.059    15.000
   26.105  -107.059    15.000
   26.105  -107.059    15.000
   26.105  -107.059    15.000
   27.831  -108.454    15.000
   27.831  -108.454    15.000
   27.831  -108.454    15.000
   27.831  -108.454    15.000
   27.831  -108.454    15.000
   28.061  -107.613    15.000
   28.061  -107.613    15.000
   28.061  -107.613    15.000
   28.061  -107.613    15.000
   28.061  -107.613    15.000
   34.377   -79.889    15.000
   34.377   -79.889    15.000
   34.377   -79.889    15.000
   34.377   -79.889    15.000
   34.377   -79.889    15.000
   37.195   -76.600    15.000
   37.195   -76.600    15.000
   37.195   -76.600    15.000
   37.195   -76.600    15.000
   37.195   -76.600    15.000
   29.579   -98.031    15.000
   29.579   -98.031    15.000
   29.579   -98.031    15.000
   29.579   -98.031    15.000
   29.579   -98.031    15.000
   30.219   -93.307    15.000
   30.219   -93.307    15.000
   30.219   -93.307    15.000
   30.219   -93.307    15.000
   30.219   -93.307    15.000
   25.645  -107.338    15.000
   25.645  -107.338    15.000
   25.645  -107.338    15.000
   25.645  -107.338    15.000
   25.645  -107.338    15.000
   36.641   -86.582    15.000
   36.641   -86.582    15.000
   36.641   -86.582    15.000
   36.641   -86.582    15.000
   36.641   -86.582    15.000
   34.499  -111.308    15.000
   34.499  -111.308    15.000
   34.499  -111.308    15.000
   34.499  -111.308    15.000
   34.499  -111.308    15.000
   30.207   -85.379    15.000
   30.207   -85.379    15.000
   30.207   -85.379    15.000
   30.207   -85.379    15.000
   30.207   -85.379    15.000
   31.668   -84.871    15.000
   31.668   -84.871    15.000
   31.668   -84.871    15.000
   31.668   -84.871    15.000
   31.668   -84.871    15.000
   26.482   -80.886    15.000
   26.482   -80.886    15.000
   26.482   -80.886    15.000
   26.482   -80.886    15.000
   26.482   -80.886    15.000
   31.834   -85.589    15.000
   31.834   -85.589    15.000
   31.834   -85.589    15.000
   31.834   -85.589    15.000
   31.834   -85.589    15.000
   31.598   -85.449    15.000
   31.598   -85.449    15.000
   31.598   -85.449    15.000
   31.598   -85.449    15.000
   31.598   -85.449    15.000
   30.943   -88.012    15.000
   30.943   -88.012    15.000
   30.943   -88.012    15.000
   30.943   -88.012    15.000
   30.943   -88.012    15.000
   36.228  -105.778    15.000
   36.228  -105.778    15.000
   36.228  -105.778    15.000
   36.228  -105.778    15.000
   36.228  -105.778    15.000
   33.556   -89.013    15.000
   33.556   -89.013    15.000
   33.556   -89.013    15.000
   33.556   -89.013    15.000
   33.556   -89.013    15.000
   31.114   -82.552    15.000
   31.114   -82.552    15.000
   31.114   -82.552    15.000
   31.114   -82.552    15.000
   31.114   -82.552    15.000
   31.646   -84.837    15.000
   31.646   -84.837    15.000
   31.646   -84.837    15.000
   31.646   -84.837    15.000
   31.646   -84.837    15.000
   49.827  -113.909    15.000
   49.827  -113.909    15.000
   49.827  -113.909    15.000
   49.827  -113.909    15.000
   49.827  -113.909    15.000
   56.100  -114.450    15.000
   56.100  -114.450    15.000
   56.100  -114.450    15.000
   56.100  -114.450    15.000
   56.100  -114.450    15.000
   55.561  -114.406    15.000
   55.561  -114.406    15.000
   55.561  -114.406    15.000
   55.561  -114.406    15.000
   55.561  -114.406    15.000
   57.984  -117.693    15.000
   57.984  -117.693    15.000
   57.984  -117.693    15.000
   57.984  -117.693    15.000
   57.984  -117.693    15.000
   55.680  -114.500    15.000
   55.680  -114.500    15.000
   55.680  -114.500    15.000
   55.680  -114.500    15.000
   55.680  -114.500    15.000
   50.057   -99.492    15.000
   50.057   -99.492    15.000
   50.057   -99.492    15.000
   50.057   -99.492    15.000
   50.057   -99.492    15.000
   31.510  -103.554    15.000
   31.510  -103.554    15.000
   31.510  -103.554    15.000
   31.510  -103.554    15.000
   31.510  -103.554    15.000
   33.418  -110.861    15.000
   33.418  -110.861    15.000
   33.418  -110.861    15.000
   33.418  -110.861    15.000
   33.418  -110.861    15.000
   41.989   -84.976    15.000
   41.989   -84.976    15.000
   41.989   -84.976    15.000
   41.989   -84.976    15.000
   41.989   -84.976    15.000
   44.600   -84.680    15.000
   44.600   -84.680    15.000
   44.600   -84.680    15.000
   44.600   -84.680    15.000
   44.600   -84.680    15.000
   38.299   -85.523    15.000
   38.299   -85.523    15.000
   38.299   -85.523    15.000
   38.299   -85.523    15.000
   38.299   -85.523    15.000
   47.667   -91.271    15.000
   47.667   -91.271    15.000
   47.667   -91.271    15.000
   47.667   -91.271    15.000
   47.667   -91.271    15.000
   31.649   -89.688    15.000
   31.649   -89.688    15.000
   31.649   -89.688    15.000
   31.649   -89.688    15.000
   31.649   -89.688    15.000
   32.560   -89.288    15.000
   32.560   -89.288    15.000
   32.560   -89.288    15.000
   32.560   -89.288    15.000
   32.560   -89.288    15.000
   47.668   -91.327    15.000
   47.668   -91.327    15.000
   47.668   -91.327    15.000
   47.668   -91.327    15.000
   47.668   -91.327    15.000
   25.475  -106.931    15.000
   25.475  -106.931    15.000
   25.475  -106.931    15.000
   25.475  -106.931    15.000
   25.475  -106.931    15.000
   25.895  -108.320    15.000
   25.895  -108.320    15.000
   25.895  -108.320    15.000
   25.895  -108.320    15.000
   25.895  -108.320    15.000
   27.496  -109.309    15.000
   27.496  -109.309    15.000
   27.496  -109.309    15.000
   27.496  -109.309    15.000
   27.496  -109.309    15.000
   33.724  -109.137    15.000
   33.724  -109.137    15.000
   33.724  -109.137    15.000
   33.724  -109.137    15.000
   33.724  -109.137    15.000
   42.749  -114.802    15.000
   42.749  -114.802    15.000
   42.749  -114.802    15.000
   42.749  -114.802    15.000
   42.749  -114.802    15.000
   45.870  -122.563    15.000
   45.870  -122.563    15.000
   45.870  -122.563    15.000
   45.870  -122.563    15.000
   45.870  -122.563    15.000
   38.834   -84.243    15.000
   38.834   -84.243    15.000
   38.834   -84.243    15.000
   38.834   -84.243    15.000
   38.834   -84.243    15.000
   56.050  -114.550    15.000
   56.050  -114.550    15.000
   56.050  -114.550    15.000
   56.050  -114.550    15.000
   56.050  -114.550    15.000
   55.990  -114.760    15.000
   55.990  -114.760    15.000
   55.990  -114.760    15.000
   55.990  -114.760    15.000
   55.990  -114.760    15.000
   40.271   -85.718    15.000
   40.271   -85.718    15.000
   40.271   -85.718    15.000
   40.271   -85.718    15.000
   40.271   -85.718    15.000
   37.551   -85.268    15.000
   37.551   -85.268    15.000
   37.551   -85.268    15.000
   37.551   -85.268    15.000
   37.551   -85.268    15.000
   46.678   -97.666    15.000
   46.678   -97.666    15.000
   46.678   -97.666    15.000
   46.678   -97.666    15.000
   46.678   -97.666    15.000
   34.639   -89.066    15.000
   34.639   -89.066    15.000
   34.639   -89.066    15.000
   34.639   -89.066    15.000
   34.639   -89.066    15.000
   34.984   -84.966    15.000
   34.984   -84.966    15.000
   34.984   -84.966    15.000
   34.984   -84.966    15.000
   34.984   -84.966    15.000
   45.495  -108.544    15.000
   45.495  -108.544    15.000
   45.495  -108.544    15.000
   45.495  -108.544    15.000
   45.495  -108.544    15.000
   26.143  -106.903    15.000
   26.143  -106.903    15.000
   26.143  -106.903    15.000
   26.143  -106.903    15.000
   26.143  -106.903    15.000
   25.483  -107.606    15.000
   25.483  -107.606    15.000
   25.483  -107.606    15.000
   25.483  -107.606    15.000
   25.483  -107.606    15.000
   25.587  -106.974    15.000
   25.587  -106.974    15.000
   25.587  -106.974    15.000
   25.587  -106.974    15.000
   25.587  -106.974    15.000
   25.577  -107.439    15.000
   25.577  -107.439    15.000
   25.577  -107.439    15.000
   25.577  -107.439    15.000
   25.577  -107.439    15.000
   25.181  -107.330    15.000
   25.181  -107.330    15.000
   25.181  -107.330    15.000
   25.181  -107.330    15.000
   25.181  -107.330    15.000
   25.215  -107.192    15.000
   25.215  -107.192    15.000
   25.215  -107.192    15.000
   25.215  -107.192    15.000
   25.215  -107.192    15.000
   25.510  -106.829    15.000
   25.510  -106.829    15.000
   25.510  -106.829    15.000
   25.510  -106.829    15.000
   25.510  -106.829    15.000
   26.204  -107.972    15.000
   26.204  -107.972    15.000
   26.204  -107.972    15.000
   26.204  -107.972    15.000
   26.204  -107.972    15.000
   27.334  -107.078    15.000
   27.334  -107.078    15.000
   27.334  -107.078    15.000
   27.334  -107.078    15.000
   27.334  -107.078    15.000
   27.300  -108.764    15.000
   27.300  -108.764    15.000
   27.300  -108.764    15.000
   27.300  -108.764    15.000
   27.300  -108.764    15.000
   27.429  -108.511    15.000
   27.429  -108.511    15.000
   27.429  -108.511    15.000
   27.429  -108.511    15.000
   27.429  -108.511    15.000
   46.136   -97.049    15.000
   46.136   -97.049    15.000
   46.136   -97.049    15.000
   46.136   -97.049    15.000
   46.136   -97.049    15.000
   57.980  -117.641    15.000
   57.980  -117.641    15.000
   57.980  -117.641    15.000
   57.980  -117.641    15.000
   57.980  -117.641    15.000
   58.574  -117.646    15.000
   58.574  -117.646    15.000
   58.574  -117.646    15.000
   58.574  -117.646    15.000
   58.574  -117.646    15.000
   55.867  -114.003    15.000
   55.867  -114.003    15.000
   55.867  -114.003    15.000
   55.867  -114.003    15.000
   55.867  -114.003    15.000
   25.262  -107.420    15.000
   25.262  -107.420    15.000
   25.262  -107.420    15.000
   25.262  -107.420    15.000
   25.262  -107.420    15.000
   25.278  -107.218    15.000
   25.278  -107.218    15.000
   25.278  -107.218    15.000
   25.278  -107.218    15.000
   25.278  -107.218    15.000
   25.188  -107.567    15.000
   25.188  -107.567    15.000
   25.188  -107.567    15.000
   25.188  -107.567    15.000
   25.188  -107.567    15.000
   25.190  -107.364    15.000
   25.190  -107.364    15.000
   25.190  -107.364    15.000
   25.190  -107.364    15.000
   25.190  -107.364    15.000
   26.347  -107.533    15.000
   26.347  -107.533    15.000
   26.347  -107.533    15.000
   26.347  -107.533    15.000
   26.347  -107.533    15.000
   26.226  -107.952    15.000
   26.226  -107.952    15.000
   26.226  -107.952    15.000
   26.226  -107.952    15.000
   26.226  -107.952    15.000
   26.243  -107.433    15.000
   26.243  -107.433    15.000
   26.243  -107.433    15.000
   26.243  -107.433    15.000
   26.243  -107.433    15.000
   25.998  -108.401    15.000
   25.998  -108.401    15.000
   25.998  -108.401    15.000
   25.998  -108.401    15.000
   25.998  -108.401    15.000
   26.439  -107.362    15.000
   26.439  -107.362    15.000
   26.439  -107.362    15.000
   26.439  -107.362    15.000
   26.439  -107.362    15.000
   26.473  -107.111    15.000
   26.473  -107.111    15.000
   26.473  -107.111    15.000
   26.473  -107.111    15.000
   26.473  -107.111    15.000
   28.953  -109.701    15.000
   28.953  -109.701    15.000
   28.953  -109.701    15.000
   28.953  -109.701    15.000
   28.953  -109.701    15.000
   27.471  -109.863    15.000
   27.471  -109.863    15.000
   27.471  -109.863    15.000
   27.471  -109.863    15.000
   27.471  -109.863    15.000
   31.255  -110.959    15.000
   31.255  -110.959    15.000
   31.255  -110.959    15.000
   31.255  -110.959    15.000
   31.255  -110.959    15.000
   26.901   -97.449    15.000
   26.901   -97.449    15.000
   26.901   -97.449    15.000
   26.901   -97.449    15.000
   26.901   -97.449    15.000
   26.737  -108.504    15.000
   26.737  -108.504    15.000
   26.737  -108.504    15.000
   26.737  -108.504    15.000
   26.737  -108.504    15.000
   55.634  -114.454    15.000
   55.634  -114.454    15.000
   55.634  -114.454    15.000
   55.634  -114.454    15.000
   55.634  -114.454    15.000
   55.803  -114.314    15.000
   55.803  -114.314    15.000
   55.803  -114.314    15.000
   55.803  -114.314    15.000
   55.803  -114.314    15.000
   56.040  -114.740    15.000
   56.040  -114.740    15.000
   56.040  -114.740    15.000
   56.040  -114.740    15.000
   56.040  -114.740    15.000
   55.780  -114.110    15.000
   55.780  -114.110    15.000
   55.780  -114.110    15.000
   55.780  -114.110    15.000
   55.780  -114.110    15.000
   55.650  -114.510    15.000
   55.650  -114.510    15.000
   55.650  -114.510    15.000
   55.650  -114.510    15.000
   55.650  -114.510    15.000
   56.110  -114.395    15.000
   56.110  -114.395    15.000
   56.110  -114.395    15.000
   56.110  -114.395    15.000
   56.110  -114.395    15.000
   28.906   -81.335    15.000
   28.906   -81.335    15.000
   28.906   -81.335    15.000
   28.906   -81.335    15.000
   28.906   -81.335    15.000
   57.990  -117.330    15.000
   57.990  -117.330    15.000
   57.990  -117.330    15.000
   57.990  -117.330    15.000
   57.990  -117.330    15.000
   55.970  -114.470    15.000
   55.970  -114.470    15.000
   55.970  -114.470    15.000
   55.970  -114.470    15.000
   55.970  -114.470    15.000
   55.920  -114.690    15.000
   55.920  -114.690    15.000
   55.920  -114.690    15.000
   55.920  -114.690    15.000
   55.920  -114.690    15.000
   37.143   -84.173    15.000
   37.143   -84.173    15.000
   37.143   -84.173    15.000
   37.143   -84.173    15.000
   37.143   -84.173    15.000
   34.653   -84.992    15.000
   34.653   -84.992    15.000
   34.653   -84.992    15.000
   34.653   -84.992    15.000
   34.653   -84.992    15.000
   32.413   -88.624    15.000
   32.413   -88.624    15.000
   32.413   -88.624    15.000
   32.413   -88.624    15.000
   32.413   -88.624    15.000
   34.542   -87.870    15.000
   34.542   -87.870    15.000
   34.542   -87.870    15.000
   34.542   -87.870    15.000
   34.542   -87.870    15.000
   32.477   -85.364    15.000
   32.477   -85.364    15.000
   32.477   -85.364    15.000
   32.477   -85.364    15.000
   32.477   -85.364    15.000
   36.386   -87.646    15.000
   36.386   -87.646    15.000
   36.386   -87.646    15.000
   36.386   -87.646    15.000
   36.386   -87.646    15.000
   37.484   -89.505    15.000
   37.484   -89.505    15.000
   37.484   -89.505    15.000
   37.484   -89.505    15.000
   37.484   -89.505    15.000
   26.887  -101.450    15.000
   26.887  -101.450    15.000
   26.887  -101.450    15.000
   26.887  -101.450    15.000
   26.887  -101.450    15.000
   33.222   -80.919    15.000
   33.222   -80.919    15.000
   33.222   -80.919    15.000
   33.222   -80.919    15.000
   33.222   -80.919    15.000
   33.330   -80.823    15.000
   33.330   -80.823    15.000
   33.330   -80.823    15.000
   33.330   -80.823    15.000
   33.330   -80.823    15.000
   45.582  -113.946    15.000
   45.582  -113.946    15.000
   45.582  -113.946    15.000
   45.582  -113.946    15.000
   45.582  -113.946    15.000
   47.520  -112.082    15.000
   47.520  -112.082    15.000
   47.520  -112.082    15.000
   47.520  -112.082    15.000
   47.520  -112.082    15.000
   57.968  -117.575    15.000
   57.968  -117.575    15.000
   57.968  -117.575    15.000
   57.968  -117.575    15.000
   57.968  -117.575    15.000
   58.370  -117.788    15.000
   58.370  -117.788    15.000
   58.370  -117.788    15.000
   58.370  -117.788    15.000
   58.370  -117.788    15.000
   35.894   -79.951    15.000
   35.894   -79.951    15.000
   35.894   -79.951    15.000
   35.894   -79.951    15.000
   35.894   -79.951    15.000
   35.777   -79.817    15.000
   35.777   -79.817    15.000
   35.777   -79.817    15.000
   35.777   -79.817    15.000
   35.777   -79.817    15.000
   31.875   -88.893    15.000
   31.875   -88.893    15.000
   31.875   -88.893    15.000
   31.875   -88.893    15.000
   31.875   -88.893    15.000
   30.320   -82.433    15.000
   30.320   -82.433    15.000
   30.320   -82.433    15.000
   30.320   -82.433    15.000
   30.320   -82.433    15.000
   36.284   -97.150    15.000
   36.284   -97.150    15.000
   36.284   -97.150    15.000
   36.284   -97.150    15.000
   36.284   -97.150    15.000
   47.427   -92.286    15.000
   47.427   -92.286    15.000
   47.427   -92.286    15.000
   47.427   -92.286    15.000
   47.427   -92.286    15.000
   25.272  -106.934    15.000
   25.272  -106.934    15.000
   25.272  -106.934    15.000
   25.272  -106.934    15.000
   25.272  -106.934    15.000
   25.373  -107.403    15.000
   25.373  -107.403    15.000
   25.373  -107.403    15.000
   25.373  -107.403    15.000
   25.373  -107.403    15.000
   25.463  -107.435    15.000
   25.463  -107.435    15.000
   25.463  -107.435    15.000
   25.463  -107.435    15.000
   25.463  -107.435    15.000
   25.711  -107.686    15.000
   25.711  -107.686    15.000
   25.711  -107.686    15.000
   25.711  -107.686    15.000
   25.711  -107.686    15.000
   25.572  -107.052    15.000
   25.572  -107.052    15.000
   25.572  -107.052    15.000
   25.572  -107.052    15.000
   25.572  -107.052    15.000
   25.566  -107.098    15.000
   25.566  -107.098    15.000
   25.566  -107.098    15.000
   25.566  -107.098    15.000
   25.566  -107.098    15.000
   25.561  -107.276    15.000
   25.561  -107.276    15.000
   25.561  -107.276    15.000
   25.561  -107.276    15.000
   25.561  -107.276    15.000
   25.549  -107.394    15.000
   25.549  -107.394    15.000
   25.549  -107.394    15.000
   25.549  -107.394    15.000
   25.549  -107.394    15.000
   26.137  -107.864    15.000
   26.137  -107.864    15.000
   26.137  -107.864    15.000
   26.137  -107.864    15.000
   26.137  -107.864    15.000
   26.317  -107.600    15.000
   26.317  -107.600    15.000
   26.317  -107.600    15.000
   26.317  -107.600    15.000
   26.317  -107.600    15.000
   26.316  -107.703    15.000
   26.316  -107.703    15.000
   26.316  -107.703    15.000
   26.316  -107.703    15.000
   26.316  -107.703    15.000
   26.722  -107.985    15.000
   26.722  -107.985    15.000
   26.722  -107.985    15.000
   26.722  -107.985    15.000
   26.722  -107.985    15.000
   26.823  -108.241    15.000
   26.823  -108.241    15.000
   26.823  -108.241    15.000
   26.823  -108.241    15.000
   26.823  -108.241    15.000
   26.417  -107.354    15.000
   26.417  -107.354    15.000
   26.417  -107.354    15.000
   26.417  -107.354    15.000
   26.417  -107.354    15.000
   26.197  -107.779    15.000
   26.197  -107.779    15.000
   26.197  -107.779    15.000
   26.197  -107.779    15.000
   26.197  -107.779    15.000
   26.146  -107.481    15.000
   26.146  -107.481    15.000
   26.146  -107.481    15.000
   26.146  -107.481    15.000
   26.146  -107.481    15.000
   56.266  -113.995    15.000
   56.266  -113.995    15.000
   56.266  -113.995    15.000
   56.266  -113.995    15.000
   56.266  -113.995    15.000
   38.690   -90.121    15.000
   38.690   -90.121    15.000
   38.690   -90.121    15.000
   38.690   -90.121    15.000
   38.690   -90.121    15.000
   31.623  -103.869    15.000
   31.623  -103.869    15.000
   31.623  -103.869    15.000
   31.623  -103.869    15.000
   31.623  -103.869    15.000
   53.247   -60.387    15.000
   53.247   -60.387    15.000
   53.247   -60.387    15.000
   53.247   -60.387    15.000
   53.247   -60.387    15.000
   30.050   -93.332    15.000
   30.050   -93.332    15.000
   30.050   -93.332    15.000
   30.050   -93.332    15.000
   30.050   -93.332    15.000
   36.927   -86.500    15.000
   36.927   -86.500    15.000
   36.927   -86.500    15.000
   36.927   -86.500    15.000
   36.927   -86.500    15.000
   36.709   -86.519    15.000
   36.709   -86.519    15.000
   36.709   -86.519    15.000
   36.709   -86.519    15.000
   36.709   -86.519    15.000
   43.841   -86.222    15.000
   43.841   -86.222    15.000
   43.841   -86.222    15.000
   43.841   -86.222    15.000
   43.841   -86.222    15.000
   26.437   -80.782    15.000
   26.437   -80.782    15.000
   26.437   -80.782    15.000
   26.437   -80.782    15.000
   26.437   -80.782    15.000
   26.575   -80.577    15.000
   26.575   -80.577    15.000
   26.575   -80.577    15.000
   26.575   -80.577    15.000
   26.575   -80.577    15.000
   34.479   -88.664    15.000
   34.479   -88.664    15.000
   34.479   -88.664    15.000
   34.479   -88.664    15.000
   34.479   -88.664    15.000
   31.097   -84.829    15.000
   31.097   -84.829    15.000
   31.097   -84.829    15.000
   31.097   -84.829    15.000
   31.097   -84.829    15.000
   36.141   -86.394    15.000
   36.141   -86.394    15.000
   36.141   -86.394    15.000
   36.141   -86.394    15.000
   36.141   -86.394    15.000
   36.182   -86.426    15.000
   36.182   -86.426    15.000
   36.182   -86.426    15.000
   36.182   -86.426    15.000
   36.182   -86.426    15.000
   36.221   -86.429    15.000
   36.221   -86.429    15.000
   36.221   -86.429    15.000
   36.221   -86.429    15.000
   36.221   -86.429    15.000
   36.598   -86.522    15.000
   36.598   -86.522    15.000
   36.598   -86.522    15.000
   36.598   -86.522    15.000
   36.598   -86.522    15.000
   36.942   -86.938    15.000
   36.942   -86.938    15.000
   36.942   -86.938    15.000
   36.942   -86.938    15.000
   36.942   -86.938    15.000
   34.564   -89.049    15.000
   34.564   -89.049    15.000
   34.564   -89.049    15.000
   34.564   -89.049    15.000
   34.564   -89.049    15.000
   36.754   -86.173    15.000
   36.754   -86.173    15.000
   36.754   -86.173    15.000
   36.754   -86.173    15.000
   36.754   -86.173    15.000
   46.971   -97.580    15.000
   46.971   -97.580    15.000
   46.971   -97.580    15.000
   46.971   -97.580    15.000
   46.971   -97.580    15.000
   42.779   -84.630    15.000
   42.779   -84.630    15.000
   42.779   -84.630    15.000
   42.779   -84.630    15.000
   42.779   -84.630    15.000
   41.936   -84.653    15.000
   41.936   -84.653    15.000
   41.936   -84.653    15.000
   41.936   -84.653    15.000
   41.936   -84.653    15.000
   41.748   -83.551    15.000
   41.748   -83.551    15.000
   41.748   -83.551    15.000
   41.748   -83.551    15.000
   41.748   -83.551    15.000
   41.531   -86.004    15.000
   41.531   -86.004    15.000
   41.531   -86.004    15.000
   41.531   -86.004    15.000
   41.531   -86.004    15.000
   40.571   -90.138    15.000
   40.571   -90.138    15.000
   40.571   -90.138    15.000
   40.571   -90.138    15.000
   40.571   -90.138    15.000
   41.722   -84.929    15.000
   41.722   -84.929    15.000
   41.722   -84.929    15.000
   41.722   -84.929    15.000
   41.722   -84.929    15.000
   41.669   -85.002    15.000
   41.669   -85.002    15.000
   41.669   -85.002    15.000
   41.669   -85.002    15.000
   41.669   -85.002    15.000
   41.693   -86.034    15.000
   41.693   -86.034    15.000
   41.693   -86.034    15.000
   41.693   -86.034    15.000
   41.693   -86.034    15.000
   46.969   -97.535    15.000
   46.969   -97.535    15.000
   46.969   -97.535    15.000
   46.969   -97.535    15.000
   46.969   -97.535    15.000
   44.124   -99.655    15.000
   44.124   -99.655    15.000
   44.124   -99.655    15.000
   44.124   -99.655    15.000
   44.124   -99.655    15.000
   47.941   -97.443    15.000
   47.941   -97.443    15.000
   47.941   -97.443    15.000
   47.941   -97.443    15.000
   47.941   -97.443    15.000
   47.640  -111.722    15.000
   47.640  -111.722    15.000
   47.640  -111.722    15.000
   47.640  -111.722    15.000
   47.640  -111.722    15.000
   45.506   -96.343    15.000
   45.506   -96.343    15.000
   45.506   -96.343    15.000
   45.506   -96.343    15.000
   45.506   -96.343    15.000
   31.760   -85.541    15.000
   31.760   -85.541    15.000
   31.760   -85.541    15.000
   31.760   -85.541    15.000
   31.760   -85.541    15.000
   41.263   -82.608    15.000
   41.263   -82.608    15.000
   41.263   -82.608    15.000
   41.263   -82.608    15.000
   41.263   -82.608    15.000
   41.250   -81.885    15.000
   41.250   -81.885    15.000
   41.250   -81.885    15.000
   41.250   -81.885    15.000
   41.250   -81.885    15.000
   40.326   -83.548    15.000
   40.326   -83.548    15.000
   40.326   -83.548    15.000
   40.326   -83.548    15.000
   40.326   -83.548    15.000
   32.740  -115.593    15.000
   32.740  -115.593    15.000
   32.740  -115.593    15.000
   32.740  -115.593    15.000
   32.740  -115.593    15.000
   34.583  -112.298    15.000
   34.583  -112.298    15.000
   34.583  -112.298    15.000
   34.583  -112.298    15.000
   34.583  -112.298    15.000
   40.758  -112.037    15.000
   40.758  -112.037    15.000
   40.758  -112.037    15.000
   40.758  -112.037    15.000
   40.758  -112.037    15.000
   41.716   -85.932    15.000
   41.716   -85.932    15.000
   41.716   -85.932    15.000
   41.716   -85.932    15.000
   41.716   -85.932    15.000
   41.685   -85.896    15.000
   41.685   -85.896    15.000
   41.685   -85.896    15.000
   41.685   -85.896    15.000
   41.685   -85.896    15.000
   35.959   -80.476    15.000
   35.959   -80.476    15.000
   35.959   -80.476    15.000
   35.959   -80.476    15.000
   35.959   -80.476    15.000
   41.296   -82.965    15.000
   41.296   -82.965    15.000
   41.296   -82.965    15.000
   41.296   -82.965    15.000
   41.296   -82.965    15.000
   36.131   -80.085    15.000
   36.131   -80.085    15.000
   36.131   -80.085    15.000
   36.131   -80.085    15.000
   36.131   -80.085    15.000
   41.508   -90.872    15.000
   41.508   -90.872    15.000
   41.508   -90.872    15.000
   41.508   -90.872    15.000
   41.508   -90.872    15.000
   47.348   -95.719    15.000
   47.348   -95.719    15.000
   47.348   -95.719    15.000
   47.348   -95.719    15.000
   47.348   -95.719    15.000
   38.380   -89.377    15.000
   38.380   -89.377    15.000
   38.380   -89.377    15.000
   38.380   -89.377    15.000
   38.380   -89.377    15.000
   46.291   -96.656    15.000
   46.291   -96.656    15.000
   46.291   -96.656    15.000
   46.291   -96.656    15.000
   46.291   -96.656    15.000
   44.949   -96.157    15.000
   44.949   -96.157    15.000
   44.949   -96.157    15.000
   44.949   -96.157    15.000
   44.949   -96.157    15.000
   40.998   -95.528    15.000
   40.998   -95.528    15.000
   40.998   -95.528    15.000
   40.998   -95.528    15.000
   40.998   -95.528    15.000
   42.039   -91.811    15.000
   42.039   -91.811    15.000
   42.039   -91.811    15.000
   42.039   -91.811    15.000
   42.039   -91.811    15.000
   45.866   -96.328    15.000
   45.866   -96.328    15.000
   45.866   -96.328    15.000
   45.866   -96.328    15.000
   45.866   -96.328    15.000
   26.696   -81.783    15.000
   26.696   -81.783    15.000
   26.696   -81.783    15.000
   26.696   -81.783    15.000
   26.696   -81.783    15.000
   36.114  -100.009    15.000
   36.114  -100.009    15.000
   36.114  -100.009    15.000
   36.114  -100.009    15.000
   36.114  -100.009    15.000
   47.251   -96.965    15.000
   47.251   -96.965    15.000
   47.251   -96.965    15.000
   47.251   -96.965    15.000
   47.251   -96.965    15.000
   47.291   -97.686    15.000
   47.291   -97.686    15.000
   47.291   -97.686    15.000
   47.291   -97.686    15.000
   47.291   -97.686    15.000
   25.442  -107.535    15.000
   25.442  -107.535    15.000
   25.442  -107.535    15.000
   25.442  -107.535    15.000
   25.442  -107.535    15.000
   25.477  -107.478    15.000
   25.477  -107.478    15.000
   25.477  -107.478    15.000
   25.477  -107.478    15.000
   25.477  -107.478    15.000
   25.891  -107.702    15.000
   25.891  -107.702    15.000
   25.891  -107.702    15.000
   25.891  -107.702    15.000
   25.891  -107.702    15.000
   25.769  -107.751    15.000
   25.769  -107.751    15.000
   25.769  -107.751    15.000
   25.769  -107.751    15.000
   25.769  -107.751    15.000
   25.720  -107.715    15.000
   25.720  -107.715    15.000
   25.720  -107.715    15.000
   25.720  -107.715    15.000
   25.720  -107.715    15.000
   25.288  -107.620    15.000
   25.288  -107.620    15.000
   25.288  -107.620    15.000
   25.288  -107.620    15.000
   25.288  -107.620    15.000
   25.330  -107.563    15.000
   25.330  -107.563    15.000
   25.330  -107.563    15.000
   25.330  -107.563    15.000
   25.330  -107.563    15.000
   25.485  -106.908    15.000
   25.485  -106.908    15.000
   25.485  -106.908    15.000
   25.485  -106.908    15.000
   25.485  -106.908    15.000
   26.754  -108.642    15.000
   26.754  -108.642    15.000
   26.754  -108.642    15.000
   26.754  -108.642    15.000
   26.754  -108.642    15.000
   26.859  -108.479    15.000
   26.859  -108.479    15.000
   26.859  -108.479    15.000
   26.859  -108.479    15.000
   26.859  -108.479    15.000
   27.660  -108.273    15.000
   27.660  -108.273    15.000
   27.660  -108.273    15.000
   27.660  -108.273    15.000
   27.660  -108.273    15.000
   27.790  -108.441    15.000
   27.790  -108.441    15.000
   27.790  -108.441    15.000
   27.790  -108.441    15.000
   27.790  -108.441    15.000
   28.288  -109.151    15.000
   28.288  -109.151    15.000
   28.288  -109.151    15.000
   28.288  -109.151    15.000
   28.288  -109.151    15.000
   26.656  -108.156    15.000
   26.656  -108.156    15.000
   26.656  -108.156    15.000
   26.656  -108.156    15.000
   26.656  -108.156    15.000
   26.802  -107.844    15.000
   26.802  -107.844    15.000
   26.802  -107.844    15.000
   26.802  -107.844    15.000
   26.802  -107.844    15.000
   46.360   -98.939    15.000
   46.360   -98.939    15.000
   46.360   -98.939    15.000
   46.360   -98.939    15.000
   46.360   -98.939    15.000
   46.517   -98.716    15.000
   46.517   -98.716    15.000
   46.517   -98.716    15.000
   46.517   -98.716    15.000
   46.517   -98.716    15.000
   49.948   -98.268    15.000
   49.948   -98.268    15.000
   49.948   -98.268    15.000
   49.948   -98.268    15.000
   49.948   -98.268    15.000
   51.754  -115.282    15.000
   51.754  -115.282    15.000
   51.754  -115.282    15.000
   51.754  -115.282    15.000
   51.754  -115.282    15.000
   47.968  -102.654    15.000
   47.968  -102.654    15.000
   47.968  -102.654    15.000
   47.968  -102.654    15.000
   47.968  -102.654    15.000
   47.668  -100.092    15.000
   47.668  -100.092    15.000
   47.668  -100.092    15.000
   47.668  -100.092    15.000
   47.668  -100.092    15.000
   48.100   -98.240    15.000
   48.100   -98.240    15.000
   48.100   -98.240    15.000
   48.100   -98.240    15.000
   48.100   -98.240    15.000
   58.350  -117.800    15.000
   58.350  -117.800    15.000
   58.350  -117.800    15.000
   58.350  -117.800    15.000
   58.350  -117.800    15.000
   58.220  -117.760    15.000
   58.220  -117.760    15.000
   58.220  -117.760    15.000
   58.220  -117.760    15.000
   58.220  -117.760    15.000
   58.350  -117.860    15.000
   58.350  -117.860    15.000
   58.350  -117.860    15.000
   58.350  -117.860    15.000
   58.350  -117.860    15.000
   50.138   -98.361    15.000
   50.138   -98.361    15.000
   50.138   -98.361    15.000
   50.138   -98.361    15.000
   50.138   -98.361    15.000
   55.615  -114.354    15.000
   55.615  -114.354    15.000
   55.615  -114.354    15.000
   55.615  -114.354    15.000
   55.615  -114.354    15.000
   55.575  -114.410    15.000
   55.575  -114.410    15.000
   55.575  -114.410    15.000
   55.575  -114.410    15.000
   55.575  -114.410    15.000
   55.694  -114.172    15.000
   55.694  -114.172    15.000
   55.694  -114.172    15.000
   55.694  -114.172    15.000
   55.694  -114.172    15.000
   55.700  -114.160    15.000
   55.700  -114.160    15.000
   55.700  -114.160    15.000
   55.700  -114.160    15.000
   55.700  -114.160    15.000
   55.670  -114.365    15.000
   55.670  -114.365    15.000
   55.670  -114.365    15.000
   55.670  -114.365    15.000
   55.670  -114.365    15.000
   55.655  -114.535    15.000
   55.655  -114.535    15.000
   55.655  -114.535    15.000
   55.655  -114.535    15.000
   55.655  -114.535    15.000
   55.720  -114.137    15.000
   55.720  -114.137    15.000
   55.720  -114.137    15.000
   55.720  -114.137    15.000
   55.720  -114.137    15.000
   55.640  -114.360    15.000
   55.640  -114.360    15.000
   55.640  -114.360    15.000
   55.640  -114.360    15.000
   55.640  -114.360    15.000
   56.220  -114.530    15.000
   56.220  -114.530    15.000
   56.220  -114.530    15.000
   56.220  -114.530    15.000
   56.220  -114.530    15.000
   56.270  -114.450    15.000
   56.270  -114.450    15.000
   56.270  -114.450    15.000
   56.270  -114.450    15.000
   56.270  -114.450    15.000
   41.178   -87.859    15.000
   41.178   -87.859    15.000
   41.178   -87.859    15.000
   41.178   -87.859    15.000
   41.178   -87.859    15.000
   55.000   -98.500    15.000
   55.000   -98.500    15.000
   55.000   -98.500    15.000
   55.000   -98.500    15.000
   55.000   -98.500    15.000
0024
0
  10000.0
1
./
ERA5-20190603-00-casestudy-31km.arl
1
PM25
0.001
    24.000
19 06 03 00 00
1
   55.000   -98.500
    0.100     0.100
   30.000    92.000
./
hysplit.con
1
10
19 06 03 00 00
19 06 04 00 00
0 1 0
1
1 1 1
0 0 0 0 0
0 0.0001 0.0005
0
0.0
