19 05 21 00
1640
   54.019  -128.683    15.000
   54.019  -128.683    15.000
   54.019  -128.683    15.000
   54.019  -128.683    15.000
   54.019  -128.683    15.000
   58.990  -127.386    15.000
   58.990  -127.386    15.000
   58.990  -127.386    15.000
   58.990  -127.386    15.000
   58.990  -127.386    15.000
   50.720  -127.501    15.000
   50.720  -127.501    15.000
   50.720  -127.501    15.000
   50.720  -127.501    15.000
   50.720  -127.501    15.000
   47.670   -97.371    15.000
   47.670   -97.371    15.000
   47.670   -97.371    15.000
   47.670   -97.371    15.000
   47.670   -97.371    15.000
   47.086   -97.254    15.000
   47.086   -97.254    15.000
   47.086   -97.254    15.000
   47.086   -97.254    15.000
   47.086   -97.254    15.000
   47.282   -97.273    15.000
   47.282   -97.273    15.000
   47.282   -97.273    15.000
   47.282   -97.273    15.000
   47.282   -97.273    15.000
   47.367   -96.943    15.000
   47.367   -96.943    15.000
   47.367   -96.943    15.000
   47.367   -96.943    15.000
   47.367   -96.943    15.000
   47.455   -97.109    15.000
   47.455   -97.109    15.000
   47.455   -97.109    15.000
   47.455   -97.109    15.000
   47.455   -97.109    15.000
   47.444   -97.276    15.000
   47.444   -97.276    15.000
   47.444   -97.276    15.000
   47.444   -97.276    15.000
   47.444   -97.276    15.000
   47.566   -97.475    15.000
   47.566   -97.475    15.000
   47.566   -97.475    15.000
   47.566   -97.475    15.000
   47.566   -97.475    15.000
   47.628   -97.887    15.000
   47.628   -97.887    15.000
   47.628   -97.887    15.000
   47.628   -97.887    15.000
   47.628   -97.887    15.000
   47.920   -97.409    15.000
   47.920   -97.409    15.000
   47.920   -97.409    15.000
   47.920   -97.409    15.000
   47.920   -97.409    15.000
   48.003   -97.632    15.000
   48.003   -97.632    15.000
   48.003   -97.632    15.000
   48.003   -97.632    15.000
   48.003   -97.632    15.000
   48.104   -97.455    15.000
   48.104   -97.455    15.000
   48.104   -97.455    15.000
   48.104   -97.455    15.000
   48.104   -97.455    15.000
   45.431   -95.480    15.000
   45.431   -95.480    15.000
   45.431   -95.480    15.000
   45.431   -95.480    15.000
   45.431   -95.480    15.000
   48.621   -98.647    15.000
   48.621   -98.647    15.000
   48.621   -98.647    15.000
   48.621   -98.647    15.000
   48.621   -98.647    15.000
   48.106   -98.689    15.000
   48.106   -98.689    15.000
   48.106   -98.689    15.000
   48.106   -98.689    15.000
   48.106   -98.689    15.000
   48.186   -98.266    15.000
   48.186   -98.266    15.000
   48.186   -98.266    15.000
   48.186   -98.266    15.000
   48.186   -98.266    15.000
   48.142   -98.555    15.000
   48.142   -98.555    15.000
   48.142   -98.555    15.000
   48.142   -98.555    15.000
   48.142   -98.555    15.000
   48.258   -98.377    15.000
   48.258   -98.377    15.000
   48.258   -98.377    15.000
   48.258   -98.377    15.000
   48.258   -98.377    15.000
   40.612   -75.319    15.000
   40.612   -75.319    15.000
   40.612   -75.319    15.000
   40.612   -75.319    15.000
   40.612   -75.319    15.000
   32.457   -97.038    15.000
   32.457   -97.038    15.000
   32.457   -97.038    15.000
   32.457   -97.038    15.000
   32.457   -97.038    15.000
   32.007   -97.061    15.000
   32.007   -97.061    15.000
   32.007   -97.061    15.000
   32.007   -97.061    15.000
   32.007   -97.061    15.000
   30.165   -92.651    15.000
   30.165   -92.651    15.000
   30.165   -92.651    15.000
   30.165   -92.651    15.000
   30.165   -92.651    15.000
   30.052   -93.334    15.000
   30.052   -93.334    15.000
   30.052   -93.334    15.000
   30.052   -93.334    15.000
   30.052   -93.334    15.000
   34.868   -87.662    15.000
   34.868   -87.662    15.000
   34.868   -87.662    15.000
   34.868   -87.662    15.000
   34.868   -87.662    15.000
   30.520   -85.228    15.000
   30.520   -85.228    15.000
   30.520   -85.228    15.000
   30.520   -85.228    15.000
   30.520   -85.228    15.000
   30.555   -82.233    15.000
   30.555   -82.233    15.000
   30.555   -82.233    15.000
   30.555   -82.233    15.000
   30.555   -82.233    15.000
   30.644   -84.849    15.000
   30.644   -84.849    15.000
   30.644   -84.849    15.000
   30.644   -84.849    15.000
   30.644   -84.849    15.000
   30.641   -84.099    15.000
   30.641   -84.099    15.000
   30.641   -84.099    15.000
   30.641   -84.099    15.000
   30.641   -84.099    15.000
   47.680  -100.122    15.000
   47.680  -100.122    15.000
   47.680  -100.122    15.000
   47.680  -100.122    15.000
   47.680  -100.122    15.000
   48.707   -99.192    15.000
   48.707   -99.192    15.000
   48.707   -99.192    15.000
   48.707   -99.192    15.000
   48.707   -99.192    15.000
   48.639   -96.629    15.000
   48.639   -96.629    15.000
   48.639   -96.629    15.000
   48.639   -96.629    15.000
   48.639   -96.629    15.000
   48.824   -96.766    15.000
   48.824   -96.766    15.000
   48.824   -96.766    15.000
   48.824   -96.766    15.000
   48.824   -96.766    15.000
   45.061   -92.576    15.000
   45.061   -92.576    15.000
   45.061   -92.576    15.000
   45.061   -92.576    15.000
   45.061   -92.576    15.000
   47.152   -96.036    15.000
   47.152   -96.036    15.000
   47.152   -96.036    15.000
   47.152   -96.036    15.000
   47.152   -96.036    15.000
   48.382   -95.865    15.000
   48.382   -95.865    15.000
   48.382   -95.865    15.000
   48.382   -95.865    15.000
   48.382   -95.865    15.000
   35.927   -86.540    15.000
   35.927   -86.540    15.000
   35.927   -86.540    15.000
   35.927   -86.540    15.000
   35.927   -86.540    15.000
   36.062   -86.440    15.000
   36.062   -86.440    15.000
   36.062   -86.440    15.000
   36.062   -86.440    15.000
   36.062   -86.440    15.000
   34.980   -87.307    15.000
   34.980   -87.307    15.000
   34.980   -87.307    15.000
   34.980   -87.307    15.000
   34.980   -87.307    15.000
   31.647   -86.248    15.000
   31.647   -86.248    15.000
   31.647   -86.248    15.000
   31.647   -86.248    15.000
   31.647   -86.248    15.000
   36.742   -88.517    15.000
   36.742   -88.517    15.000
   36.742   -88.517    15.000
   36.742   -88.517    15.000
   36.742   -88.517    15.000
   36.939   -86.941    15.000
   36.939   -86.941    15.000
   36.939   -86.941    15.000
   36.939   -86.941    15.000
   36.939   -86.941    15.000
   30.368   -82.408    15.000
   30.368   -82.408    15.000
   30.368   -82.408    15.000
   30.368   -82.408    15.000
   30.368   -82.408    15.000
   30.629   -86.694    15.000
   30.629   -86.694    15.000
   30.629   -86.694    15.000
   30.629   -86.694    15.000
   30.629   -86.694    15.000
   29.647   -82.882    15.000
   29.647   -82.882    15.000
   29.647   -82.882    15.000
   29.647   -82.882    15.000
   29.647   -82.882    15.000
   27.191   -81.110    15.000
   27.191   -81.110    15.000
   27.191   -81.110    15.000
   27.191   -81.110    15.000
   27.191   -81.110    15.000
   28.585   -81.725    15.000
   28.585   -81.725    15.000
   28.585   -81.725    15.000
   28.585   -81.725    15.000
   28.585   -81.725    15.000
   26.884   -81.238    15.000
   26.884   -81.238    15.000
   26.884   -81.238    15.000
   26.884   -81.238    15.000
   26.884   -81.238    15.000
   26.492   -97.967    15.000
   26.492   -97.967    15.000
   26.492   -97.967    15.000
   26.492   -97.967    15.000
   26.492   -97.967    15.000
   31.519   -84.366    15.000
   31.519   -84.366    15.000
   31.519   -84.366    15.000
   31.519   -84.366    15.000
   31.519   -84.366    15.000
   31.587   -84.400    15.000
   31.587   -84.400    15.000
   31.587   -84.400    15.000
   31.587   -84.400    15.000
   31.587   -84.400    15.000
   25.091  -107.509    15.000
   25.091  -107.509    15.000
   25.091  -107.509    15.000
   25.091  -107.509    15.000
   25.091  -107.509    15.000
   55.845  -114.538    15.000
   55.845  -114.538    15.000
   55.845  -114.538    15.000
   55.845  -114.538    15.000
   55.845  -114.538    15.000
   31.147   -87.985    15.000
   31.147   -87.985    15.000
   31.147   -87.985    15.000
   31.147   -87.985    15.000
   31.147   -87.985    15.000
   58.474  -117.450    15.000
   58.474  -117.450    15.000
   58.474  -117.450    15.000
   58.474  -117.450    15.000
   58.474  -117.450    15.000
   58.552  -117.706    15.000
   58.552  -117.706    15.000
   58.552  -117.706    15.000
   58.552  -117.706    15.000
   58.552  -117.706    15.000
   27.392  -108.368    15.000
   27.392  -108.368    15.000
   27.392  -108.368    15.000
   27.392  -108.368    15.000
   27.392  -108.368    15.000
   55.742  -114.397    15.000
   55.742  -114.397    15.000
   55.742  -114.397    15.000
   55.742  -114.397    15.000
   55.742  -114.397    15.000
   55.779  -114.537    15.000
   55.779  -114.537    15.000
   55.779  -114.537    15.000
   55.779  -114.537    15.000
   55.779  -114.537    15.000
   26.441  -107.150    15.000
   26.441  -107.150    15.000
   26.441  -107.150    15.000
   26.441  -107.150    15.000
   26.441  -107.150    15.000
   57.173  -117.980    15.000
   57.173  -117.980    15.000
   57.173  -117.980    15.000
   57.173  -117.980    15.000
   57.173  -117.980    15.000
   58.389  -117.274    15.000
   58.389  -117.274    15.000
   58.389  -117.274    15.000
   58.389  -117.274    15.000
   58.389  -117.274    15.000
   57.090  -118.010    15.000
   57.090  -118.010    15.000
   57.090  -118.010    15.000
   57.090  -118.010    15.000
   57.090  -118.010    15.000
   58.508  -117.729    15.000
   58.508  -117.729    15.000
   58.508  -117.729    15.000
   58.508  -117.729    15.000
   58.508  -117.729    15.000
   58.592  -117.740    15.000
   58.592  -117.740    15.000
   58.592  -117.740    15.000
   58.592  -117.740    15.000
   58.592  -117.740    15.000
   57.111  -117.878    15.000
   57.111  -117.878    15.000
   57.111  -117.878    15.000
   57.111  -117.878    15.000
   57.111  -117.878    15.000
   58.323  -117.475    15.000
   58.323  -117.475    15.000
   58.323  -117.475    15.000
   58.323  -117.475    15.000
   58.323  -117.475    15.000
   54.239  -108.367    15.000
   54.239  -108.367    15.000
   54.239  -108.367    15.000
   54.239  -108.367    15.000
   54.239  -108.367    15.000
   47.427   -96.779    15.000
   47.427   -96.779    15.000
   47.427   -96.779    15.000
   47.427   -96.779    15.000
   47.427   -96.779    15.000
   35.913   -86.576    15.000
   35.913   -86.576    15.000
   35.913   -86.576    15.000
   35.913   -86.576    15.000
   35.913   -86.576    15.000
   57.036  -117.853    15.000
   57.036  -117.853    15.000
   57.036  -117.853    15.000
   57.036  -117.853    15.000
   57.036  -117.853    15.000
   48.200   -99.722    15.000
   48.200   -99.722    15.000
   48.200   -99.722    15.000
   48.200   -99.722    15.000
   48.200   -99.722    15.000
   28.991  -109.949    15.000
   28.991  -109.949    15.000
   28.991  -109.949    15.000
   28.991  -109.949    15.000
   28.991  -109.949    15.000
   29.999   -90.399    15.000
   29.999   -90.399    15.000
   29.999   -90.399    15.000
   29.999   -90.399    15.000
   29.999   -90.399    15.000
   58.270  -117.270    15.000
   58.270  -117.270    15.000
   58.270  -117.270    15.000
   58.270  -117.270    15.000
   58.270  -117.270    15.000
   51.286   -97.476    15.000
   51.286   -97.476    15.000
   51.286   -97.476    15.000
   51.286   -97.476    15.000
   51.286   -97.476    15.000
   48.389  -102.939    15.000
   48.389  -102.939    15.000
   48.389  -102.939    15.000
   48.389  -102.939    15.000
   48.389  -102.939    15.000
   31.363  -101.777    15.000
   31.363  -101.777    15.000
   31.363  -101.777    15.000
   31.363  -101.777    15.000
   31.363  -101.777    15.000
   32.140   -96.696    15.000
   32.140   -96.696    15.000
   32.140   -96.696    15.000
   32.140   -96.696    15.000
   32.140   -96.696    15.000
   32.215  -101.941    15.000
   32.215  -101.941    15.000
   32.215  -101.941    15.000
   32.215  -101.941    15.000
   32.215  -101.941    15.000
   46.003  -100.228    15.000
   46.003  -100.228    15.000
   46.003  -100.228    15.000
   46.003  -100.228    15.000
   46.003  -100.228    15.000
   47.456   -96.968    15.000
   47.456   -96.968    15.000
   47.456   -96.968    15.000
   47.456   -96.968    15.000
   47.456   -96.968    15.000
   58.393  -117.598    15.000
   58.393  -117.598    15.000
   58.393  -117.598    15.000
   58.393  -117.598    15.000
   58.393  -117.598    15.000
   58.472  -117.699    15.000
   58.472  -117.699    15.000
   58.472  -117.699    15.000
   58.472  -117.699    15.000
   58.472  -117.699    15.000
   58.452  -117.254    15.000
   58.452  -117.254    15.000
   58.452  -117.254    15.000
   58.452  -117.254    15.000
   58.452  -117.254    15.000
   58.513  -117.563    15.000
   58.513  -117.563    15.000
   58.513  -117.563    15.000
   58.513  -117.563    15.000
   58.513  -117.563    15.000
   55.800  -114.450    15.000
   55.800  -114.450    15.000
   55.800  -114.450    15.000
   55.800  -114.450    15.000
   55.800  -114.450    15.000
   58.268  -117.373    15.000
   58.268  -117.373    15.000
   58.268  -117.373    15.000
   58.268  -117.373    15.000
   58.268  -117.373    15.000
   58.410  -117.360    15.000
   58.410  -117.360    15.000
   58.410  -117.360    15.000
   58.410  -117.360    15.000
   58.410  -117.360    15.000
   58.317  -117.537    15.000
   58.317  -117.537    15.000
   58.317  -117.537    15.000
   58.317  -117.537    15.000
   58.317  -117.537    15.000
   47.666   -97.509    15.000
   47.666   -97.509    15.000
   47.666   -97.509    15.000
   47.666   -97.509    15.000
   47.666   -97.509    15.000
   58.568  -117.523    15.000
   58.568  -117.523    15.000
   58.568  -117.523    15.000
   58.568  -117.523    15.000
   58.568  -117.523    15.000
   26.886  -101.453    15.000
   26.886  -101.453    15.000
   26.886  -101.453    15.000
   26.886  -101.453    15.000
   26.886  -101.453    15.000
   36.355   -76.811    15.000
   36.355   -76.811    15.000
   36.355   -76.811    15.000
   36.355   -76.811    15.000
   36.355   -76.811    15.000
   63.923  -146.050    15.000
   63.923  -146.050    15.000
   63.923  -146.050    15.000
   63.923  -146.050    15.000
   63.923  -146.050    15.000
   59.168  -113.937    15.000
   59.168  -113.937    15.000
   59.168  -113.937    15.000
   59.168  -113.937    15.000
   59.168  -113.937    15.000
   48.979   -97.907    15.000
   48.979   -97.907    15.000
   48.979   -97.907    15.000
   48.979   -97.907    15.000
   48.979   -97.907    15.000
   48.300   -99.078    15.000
   48.300   -99.078    15.000
   48.300   -99.078    15.000
   48.300   -99.078    15.000
   48.300   -99.078    15.000
   38.152  -121.383    15.000
   38.152  -121.383    15.000
   38.152  -121.383    15.000
   38.152  -121.383    15.000
   38.152  -121.383    15.000
   25.104  -107.468    15.000
   25.104  -107.468    15.000
   25.104  -107.468    15.000
   25.104  -107.468    15.000
   25.104  -107.468    15.000
   57.193  -118.005    15.000
   57.193  -118.005    15.000
   57.193  -118.005    15.000
   57.193  -118.005    15.000
   57.193  -118.005    15.000
   49.067   -96.814    15.000
   49.067   -96.814    15.000
   49.067   -96.814    15.000
   49.067   -96.814    15.000
   49.067   -96.814    15.000
   35.265   -78.472    15.000
   35.265   -78.472    15.000
   35.265   -78.472    15.000
   35.265   -78.472    15.000
   35.265   -78.472    15.000
   50.963  -102.759    15.000
   50.963  -102.759    15.000
   50.963  -102.759    15.000
   50.963  -102.759    15.000
   50.963  -102.759    15.000
   32.646   -81.593    15.000
   32.646   -81.593    15.000
   32.646   -81.593    15.000
   32.646   -81.593    15.000
   32.646   -81.593    15.000
   58.312  -117.207    15.000
   58.312  -117.207    15.000
   58.312  -117.207    15.000
   58.312  -117.207    15.000
   58.312  -117.207    15.000
   58.430  -117.365    15.000
   58.430  -117.365    15.000
   58.430  -117.365    15.000
   58.430  -117.365    15.000
   58.430  -117.365    15.000
   45.972   -69.450    15.000
   45.972   -69.450    15.000
   45.972   -69.450    15.000
   45.972   -69.450    15.000
   45.972   -69.450    15.000
   41.946   -71.131    15.000
   41.946   -71.131    15.000
   41.946   -71.131    15.000
   41.946   -71.131    15.000
   41.946   -71.131    15.000
   36.339   -93.155    15.000
   36.339   -93.155    15.000
   36.339   -93.155    15.000
   36.339   -93.155    15.000
   36.339   -93.155    15.000
   37.829   -87.115    15.000
   37.829   -87.115    15.000
   37.829   -87.115    15.000
   37.829   -87.115    15.000
   37.829   -87.115    15.000
   38.288   -87.565    15.000
   38.288   -87.565    15.000
   38.288   -87.565    15.000
   38.288   -87.565    15.000
   38.288   -87.565    15.000
   43.970   -86.156    15.000
   43.970   -86.156    15.000
   43.970   -86.156    15.000
   43.970   -86.156    15.000
   43.970   -86.156    15.000
   63.960  -146.144    15.000
   63.960  -146.144    15.000
   63.960  -146.144    15.000
   63.960  -146.144    15.000
   63.960  -146.144    15.000
   53.690  -101.403    15.000
   53.690  -101.403    15.000
   53.690  -101.403    15.000
   53.690  -101.403    15.000
   53.690  -101.403    15.000
   58.208  -120.425    15.000
   58.208  -120.425    15.000
   58.208  -120.425    15.000
   58.208  -120.425    15.000
   58.208  -120.425    15.000
   52.458  -116.374    15.000
   52.458  -116.374    15.000
   52.458  -116.374    15.000
   52.458  -116.374    15.000
   52.458  -116.374    15.000
   58.463  -117.464    15.000
   58.463  -117.464    15.000
   58.463  -117.464    15.000
   58.463  -117.464    15.000
   58.463  -117.464    15.000
   55.830  -114.473    15.000
   55.830  -114.473    15.000
   55.830  -114.473    15.000
   55.830  -114.473    15.000
   55.830  -114.473    15.000
   55.862  -114.507    15.000
   55.862  -114.507    15.000
   55.862  -114.507    15.000
   55.862  -114.507    15.000
   55.862  -114.507    15.000
   58.500  -117.422    15.000
   58.500  -117.422    15.000
   58.500  -117.422    15.000
   58.500  -117.422    15.000
   58.500  -117.422    15.000
   58.574  -117.811    15.000
   58.574  -117.811    15.000
   58.574  -117.811    15.000
   58.574  -117.811    15.000
   58.574  -117.811    15.000
   55.980  -114.659    15.000
   55.980  -114.659    15.000
   55.980  -114.659    15.000
   55.980  -114.659    15.000
   55.980  -114.659    15.000
   55.780  -114.485    15.000
   55.780  -114.485    15.000
   55.780  -114.485    15.000
   55.780  -114.485    15.000
   55.780  -114.485    15.000
   51.467  -102.213    15.000
   51.467  -102.213    15.000
   51.467  -102.213    15.000
   51.467  -102.213    15.000
   51.467  -102.213    15.000
   51.901  -103.224    15.000
   51.901  -103.224    15.000
   51.901  -103.224    15.000
   51.901  -103.224    15.000
   51.901  -103.224    15.000
   51.943  -103.090    15.000
   51.943  -103.090    15.000
   51.943  -103.090    15.000
   51.943  -103.090    15.000
   51.943  -103.090    15.000
   52.250  -103.569    15.000
   52.250  -103.569    15.000
   52.250  -103.569    15.000
   52.250  -103.569    15.000
   52.250  -103.569    15.000
   59.287  -112.100    15.000
   59.287  -112.100    15.000
   59.287  -112.100    15.000
   59.287  -112.100    15.000
   59.287  -112.100    15.000
   50.675   -97.061    15.000
   50.675   -97.061    15.000
   50.675   -97.061    15.000
   50.675   -97.061    15.000
   50.675   -97.061    15.000
   58.521  -117.829    15.000
   58.521  -117.829    15.000
   58.521  -117.829    15.000
   58.521  -117.829    15.000
   58.521  -117.829    15.000
   50.318  -100.242    15.000
   50.318  -100.242    15.000
   50.318  -100.242    15.000
   50.318  -100.242    15.000
   50.318  -100.242    15.000
   53.742  -101.529    15.000
   53.742  -101.529    15.000
   53.742  -101.529    15.000
   53.742  -101.529    15.000
   53.742  -101.529    15.000
   50.161   -98.797    15.000
   50.161   -98.797    15.000
   50.161   -98.797    15.000
   50.161   -98.797    15.000
   50.161   -98.797    15.000
   53.773  -101.400    15.000
   53.773  -101.400    15.000
   53.773  -101.400    15.000
   53.773  -101.400    15.000
   53.773  -101.400    15.000
   52.007  -100.668    15.000
   52.007  -100.668    15.000
   52.007  -100.668    15.000
   52.007  -100.668    15.000
   52.007  -100.668    15.000
   50.173  -100.501    15.000
   50.173  -100.501    15.000
   50.173  -100.501    15.000
   50.173  -100.501    15.000
   50.173  -100.501    15.000
   53.654  -107.562    15.000
   53.654  -107.562    15.000
   53.654  -107.562    15.000
   53.654  -107.562    15.000
   53.654  -107.562    15.000
   49.687  -100.419    15.000
   49.687  -100.419    15.000
   49.687  -100.419    15.000
   49.687  -100.419    15.000
   49.687  -100.419    15.000
   53.734  -101.465    15.000
   53.734  -101.465    15.000
   53.734  -101.465    15.000
   53.734  -101.465    15.000
   53.734  -101.465    15.000
   50.173   -99.014    15.000
   50.173   -99.014    15.000
   50.173   -99.014    15.000
   50.173   -99.014    15.000
   50.173   -99.014    15.000
   50.140   -99.663    15.000
   50.140   -99.663    15.000
   50.140   -99.663    15.000
   50.140   -99.663    15.000
   50.140   -99.663    15.000
   27.585   -81.180    15.000
   27.585   -81.180    15.000
   27.585   -81.180    15.000
   27.585   -81.180    15.000
   27.585   -81.180    15.000
   37.202   -76.598    15.000
   37.202   -76.598    15.000
   37.202   -76.598    15.000
   37.202   -76.598    15.000
   37.202   -76.598    15.000
   30.296   -82.860    15.000
   30.296   -82.860    15.000
   30.296   -82.860    15.000
   30.296   -82.860    15.000
   30.296   -82.860    15.000
   31.125   -85.134    15.000
   31.125   -85.134    15.000
   31.125   -85.134    15.000
   31.125   -85.134    15.000
   31.125   -85.134    15.000
   31.316   -87.040    15.000
   31.316   -87.040    15.000
   31.316   -87.040    15.000
   31.316   -87.040    15.000
   31.316   -87.040    15.000
   47.647   -97.471    15.000
   47.647   -97.471    15.000
   47.647   -97.471    15.000
   47.647   -97.471    15.000
   47.647   -97.471    15.000
   47.641   -97.381    15.000
   47.641   -97.381    15.000
   47.641   -97.381    15.000
   47.641   -97.381    15.000
   47.641   -97.381    15.000
   25.414  -108.095    15.000
   25.414  -108.095    15.000
   25.414  -108.095    15.000
   25.414  -108.095    15.000
   25.414  -108.095    15.000
   37.893   -76.747    15.000
   37.893   -76.747    15.000
   37.893   -76.747    15.000
   37.893   -76.747    15.000
   37.893   -76.747    15.000
   25.737  -109.253    15.000
   25.737  -109.253    15.000
   25.737  -109.253    15.000
   25.737  -109.253    15.000
   25.737  -109.253    15.000
   44.087   -93.251    15.000
   44.087   -93.251    15.000
   44.087   -93.251    15.000
   44.087   -93.251    15.000
   44.087   -93.251    15.000
   26.532  -108.354    15.000
   26.532  -108.354    15.000
   26.532  -108.354    15.000
   26.532  -108.354    15.000
   26.532  -108.354    15.000
   26.538   -80.480    15.000
   26.538   -80.480    15.000
   26.538   -80.480    15.000
   26.538   -80.480    15.000
   26.538   -80.480    15.000
   35.938   -89.711    15.000
   35.938   -89.711    15.000
   35.938   -89.711    15.000
   35.938   -89.711    15.000
   35.938   -89.711    15.000
   25.156  -107.747    15.000
   25.156  -107.747    15.000
   25.156  -107.747    15.000
   25.156  -107.747    15.000
   25.156  -107.747    15.000
   49.700   -92.263    15.000
   49.700   -92.263    15.000
   49.700   -92.263    15.000
   49.700   -92.263    15.000
   49.700   -92.263    15.000
   31.276   -88.007    15.000
   31.276   -88.007    15.000
   31.276   -88.007    15.000
   31.276   -88.007    15.000
   31.276   -88.007    15.000
   31.471   -85.965    15.000
   31.471   -85.965    15.000
   31.471   -85.965    15.000
   31.471   -85.965    15.000
   31.471   -85.965    15.000
   33.119   -86.908    15.000
   33.119   -86.908    15.000
   33.119   -86.908    15.000
   33.119   -86.908    15.000
   33.119   -86.908    15.000
   32.730   -89.321    15.000
   32.730   -89.321    15.000
   32.730   -89.321    15.000
   32.730   -89.321    15.000
   32.730   -89.321    15.000
   31.387   -84.254    15.000
   31.387   -84.254    15.000
   31.387   -84.254    15.000
   31.387   -84.254    15.000
   31.387   -84.254    15.000
   31.192   -86.912    15.000
   31.192   -86.912    15.000
   31.192   -86.912    15.000
   31.192   -86.912    15.000
   31.192   -86.912    15.000
   25.322  -106.938    15.000
   25.322  -106.938    15.000
   25.322  -106.938    15.000
   25.322  -106.938    15.000
   25.322  -106.938    15.000
   25.150  -107.452    15.000
   25.150  -107.452    15.000
   25.150  -107.452    15.000
   25.150  -107.452    15.000
   25.150  -107.452    15.000
   25.159  -107.484    15.000
   25.159  -107.484    15.000
   25.159  -107.484    15.000
   25.159  -107.484    15.000
   25.159  -107.484    15.000
   25.162  -107.368    15.000
   25.162  -107.368    15.000
   25.162  -107.368    15.000
   25.162  -107.368    15.000
   25.162  -107.368    15.000
   25.467  -107.591    15.000
   25.467  -107.591    15.000
   25.467  -107.591    15.000
   25.467  -107.591    15.000
   25.467  -107.591    15.000
   25.572  -107.465    15.000
   25.572  -107.465    15.000
   25.572  -107.465    15.000
   25.572  -107.465    15.000
   25.572  -107.465    15.000
   26.216  -108.193    15.000
   26.216  -108.193    15.000
   26.216  -108.193    15.000
   26.216  -108.193    15.000
   26.216  -108.193    15.000
   26.338  -106.790    15.000
   26.338  -106.790    15.000
   26.338  -106.790    15.000
   26.338  -106.790    15.000
   26.338  -106.790    15.000
   26.398  -107.074    15.000
   26.398  -107.074    15.000
   26.398  -107.074    15.000
   26.398  -107.074    15.000
   26.398  -107.074    15.000
   28.255  -108.133    15.000
   28.255  -108.133    15.000
   28.255  -108.133    15.000
   28.255  -108.133    15.000
   28.255  -108.133    15.000
   25.099  -107.362    15.000
   25.099  -107.362    15.000
   25.099  -107.362    15.000
   25.099  -107.362    15.000
   25.099  -107.362    15.000
   25.116  -107.435    15.000
   25.116  -107.435    15.000
   25.116  -107.435    15.000
   25.116  -107.435    15.000
   25.116  -107.435    15.000
   54.509  -113.908    15.000
   54.509  -113.908    15.000
   54.509  -113.908    15.000
   54.509  -113.908    15.000
   54.509  -113.908    15.000
   47.558   -95.893    15.000
   47.558   -95.893    15.000
   47.558   -95.893    15.000
   47.558   -95.893    15.000
   47.558   -95.893    15.000
   50.080  -100.878    15.000
   50.080  -100.878    15.000
   50.080  -100.878    15.000
   50.080  -100.878    15.000
   50.080  -100.878    15.000
   32.428   -83.552    15.000
   32.428   -83.552    15.000
   32.428   -83.552    15.000
   32.428   -83.552    15.000
   32.428   -83.552    15.000
   48.123   -98.669    15.000
   48.123   -98.669    15.000
   48.123   -98.669    15.000
   48.123   -98.669    15.000
   48.123   -98.669    15.000
   32.319  -101.917    15.000
   32.319  -101.917    15.000
   32.319  -101.917    15.000
   32.319  -101.917    15.000
   32.319  -101.917    15.000
   36.929   -89.627    15.000
   36.929   -89.627    15.000
   36.929   -89.627    15.000
   36.929   -89.627    15.000
   36.929   -89.627    15.000
   26.886  -108.396    15.000
   26.886  -108.396    15.000
   26.886  -108.396    15.000
   26.886  -108.396    15.000
   26.886  -108.396    15.000
   26.783  -107.748    15.000
   26.783  -107.748    15.000
   26.783  -107.748    15.000
   26.783  -107.748    15.000
   26.783  -107.748    15.000
   31.192   -84.133    15.000
   31.192   -84.133    15.000
   31.192   -84.133    15.000
   31.192   -84.133    15.000
   31.192   -84.133    15.000
   52.744  -100.704    15.000
   52.744  -100.704    15.000
   52.744  -100.704    15.000
   52.744  -100.704    15.000
   52.744  -100.704    15.000
   35.046   -79.654    15.000
   35.046   -79.654    15.000
   35.046   -79.654    15.000
   35.046   -79.654    15.000
   35.046   -79.654    15.000
   35.150   -79.101    15.000
   35.150   -79.101    15.000
   35.150   -79.101    15.000
   35.150   -79.101    15.000
   35.150   -79.101    15.000
   51.285   -99.163    15.000
   51.285   -99.163    15.000
   51.285   -99.163    15.000
   51.285   -99.163    15.000
   51.285   -99.163    15.000
   51.403   -99.194    15.000
   51.403   -99.194    15.000
   51.403   -99.194    15.000
   51.403   -99.194    15.000
   51.403   -99.194    15.000
   49.777   -92.540    15.000
   49.777   -92.540    15.000
   49.777   -92.540    15.000
   49.777   -92.540    15.000
   49.777   -92.540    15.000
   58.387  -117.367    15.000
   58.387  -117.367    15.000
   58.387  -117.367    15.000
   58.387  -117.367    15.000
   58.387  -117.367    15.000
   50.469   -99.988    15.000
   50.469   -99.988    15.000
   50.469   -99.988    15.000
   50.469   -99.988    15.000
   50.469   -99.988    15.000
   52.212  -102.643    15.000
   52.212  -102.643    15.000
   52.212  -102.643    15.000
   52.212  -102.643    15.000
   52.212  -102.643    15.000
   26.188  -108.055    15.000
   26.188  -108.055    15.000
   26.188  -108.055    15.000
   26.188  -108.055    15.000
   26.188  -108.055    15.000
   26.882  -101.413    15.000
   26.882  -101.413    15.000
   26.882  -101.413    15.000
   26.882  -101.413    15.000
   26.882  -101.413    15.000
   27.004  -104.590    15.000
   27.004  -104.590    15.000
   27.004  -104.590    15.000
   27.004  -104.590    15.000
   27.004  -104.590    15.000
   25.977  -107.985    15.000
   25.977  -107.985    15.000
   25.977  -107.985    15.000
   25.977  -107.985    15.000
   25.977  -107.985    15.000
   27.533  -108.507    15.000
   27.533  -108.507    15.000
   27.533  -108.507    15.000
   27.533  -108.507    15.000
   27.533  -108.507    15.000
   27.830  -107.965    15.000
   27.830  -107.965    15.000
   27.830  -107.965    15.000
   27.830  -107.965    15.000
   27.830  -107.965    15.000
   50.834  -101.455    15.000
   50.834  -101.455    15.000
   50.834  -101.455    15.000
   50.834  -101.455    15.000
   50.834  -101.455    15.000
   31.365   -83.016    15.000
   31.365   -83.016    15.000
   31.365   -83.016    15.000
   31.365   -83.016    15.000
   31.365   -83.016    15.000
   29.697   -85.252    15.000
   29.697   -85.252    15.000
   29.697   -85.252    15.000
   29.697   -85.252    15.000
   29.697   -85.252    15.000
   49.721   -96.571    15.000
   49.721   -96.571    15.000
   49.721   -96.571    15.000
   49.721   -96.571    15.000
   49.721   -96.571    15.000
   49.451   -90.726    15.000
   49.451   -90.726    15.000
   49.451   -90.726    15.000
   49.451   -90.726    15.000
   49.451   -90.726    15.000
   51.455   -93.548    15.000
   51.455   -93.548    15.000
   51.455   -93.548    15.000
   51.455   -93.548    15.000
   51.455   -93.548    15.000
   58.431  -114.519    15.000
   58.431  -114.519    15.000
   58.431  -114.519    15.000
   58.431  -114.519    15.000
   58.431  -114.519    15.000
   58.357  -117.403    15.000
   58.357  -117.403    15.000
   58.357  -117.403    15.000
   58.357  -117.403    15.000
   58.357  -117.403    15.000
   58.490  -117.646    15.000
   58.490  -117.646    15.000
   58.490  -117.646    15.000
   58.490  -117.646    15.000
   58.490  -117.646    15.000
   58.509  -117.802    15.000
   58.509  -117.802    15.000
   58.509  -117.802    15.000
   58.509  -117.802    15.000
   58.509  -117.802    15.000
   30.941   -88.011    15.000
   30.941   -88.011    15.000
   30.941   -88.011    15.000
   30.941   -88.011    15.000
   30.941   -88.011    15.000
   33.838   -82.093    15.000
   33.838   -82.093    15.000
   33.838   -82.093    15.000
   33.838   -82.093    15.000
   33.838   -82.093    15.000
   30.697   -85.272    15.000
   30.697   -85.272    15.000
   30.697   -85.272    15.000
   30.697   -85.272    15.000
   30.697   -85.272    15.000
   30.640   -83.729    15.000
   30.640   -83.729    15.000
   30.640   -83.729    15.000
   30.640   -83.729    15.000
   30.640   -83.729    15.000
   31.696   -88.733    15.000
   31.696   -88.733    15.000
   31.696   -88.733    15.000
   31.696   -88.733    15.000
   31.696   -88.733    15.000
   47.406   -96.718    15.000
   47.406   -96.718    15.000
   47.406   -96.718    15.000
   47.406   -96.718    15.000
   47.406   -96.718    15.000
   36.594   -86.523    15.000
   36.594   -86.523    15.000
   36.594   -86.523    15.000
   36.594   -86.523    15.000
   36.594   -86.523    15.000
   50.874  -104.666    15.000
   50.874  -104.666    15.000
   50.874  -104.666    15.000
   50.874  -104.666    15.000
   50.874  -104.666    15.000
   31.510   -88.029    15.000
   31.510   -88.029    15.000
   31.510   -88.029    15.000
   31.510   -88.029    15.000
   31.510   -88.029    15.000
   34.875   -87.855    15.000
   34.875   -87.855    15.000
   34.875   -87.855    15.000
   34.875   -87.855    15.000
   34.875   -87.855    15.000
   30.680   -85.330    15.000
   30.680   -85.330    15.000
   30.680   -85.330    15.000
   30.680   -85.330    15.000
   30.680   -85.330    15.000
   44.896   -91.860    15.000
   44.896   -91.860    15.000
   44.896   -91.860    15.000
   44.896   -91.860    15.000
   44.896   -91.860    15.000
   47.904  -101.389    15.000
   47.904  -101.389    15.000
   47.904  -101.389    15.000
   47.904  -101.389    15.000
   47.904  -101.389    15.000
   46.669   -95.787    15.000
   46.669   -95.787    15.000
   46.669   -95.787    15.000
   46.669   -95.787    15.000
   46.669   -95.787    15.000
   47.553   -96.715    15.000
   47.553   -96.715    15.000
   47.553   -96.715    15.000
   47.553   -96.715    15.000
   47.553   -96.715    15.000
   47.385   -96.596    15.000
   47.385   -96.596    15.000
   47.385   -96.596    15.000
   47.385   -96.596    15.000
   47.385   -96.596    15.000
   27.670  -108.262    15.000
   27.670  -108.262    15.000
   27.670  -108.262    15.000
   27.670  -108.262    15.000
   27.670  -108.262    15.000
   29.669  -108.240    15.000
   29.669  -108.240    15.000
   29.669  -108.240    15.000
   29.669  -108.240    15.000
   29.669  -108.240    15.000
   47.977   -97.513    15.000
   47.977   -97.513    15.000
   47.977   -97.513    15.000
   47.977   -97.513    15.000
   47.977   -97.513    15.000
   49.990   -97.445    15.000
   49.990   -97.445    15.000
   49.990   -97.445    15.000
   49.990   -97.445    15.000
   49.990   -97.445    15.000
   51.031   -97.039    15.000
   51.031   -97.039    15.000
   51.031   -97.039    15.000
   51.031   -97.039    15.000
   51.031   -97.039    15.000
   51.524  -100.209    15.000
   51.524  -100.209    15.000
   51.524  -100.209    15.000
   51.524  -100.209    15.000
   51.524  -100.209    15.000
   35.646   -89.934    15.000
   35.646   -89.934    15.000
   35.646   -89.934    15.000
   35.646   -89.934    15.000
   35.646   -89.934    15.000
   48.399  -102.901    15.000
   48.399  -102.901    15.000
   48.399  -102.901    15.000
   48.399  -102.901    15.000
   48.399  -102.901    15.000
   51.314  -103.965    15.000
   51.314  -103.965    15.000
   51.314  -103.965    15.000
   51.314  -103.965    15.000
   51.314  -103.965    15.000
   50.470  -100.034    15.000
   50.470  -100.034    15.000
   50.470  -100.034    15.000
   50.470  -100.034    15.000
   50.470  -100.034    15.000
   50.460  -100.480    15.000
   50.460  -100.480    15.000
   50.460  -100.480    15.000
   50.460  -100.480    15.000
   50.460  -100.480    15.000
   49.295   -99.564    15.000
   49.295   -99.564    15.000
   49.295   -99.564    15.000
   49.295   -99.564    15.000
   49.295   -99.564    15.000
   50.152  -100.234    15.000
   50.152  -100.234    15.000
   50.152  -100.234    15.000
   50.152  -100.234    15.000
   50.152  -100.234    15.000
   61.795  -137.840    15.000
   61.795  -137.840    15.000
   61.795  -137.840    15.000
   61.795  -137.840    15.000
   61.795  -137.840    15.000
   50.424  -100.747    15.000
   50.424  -100.747    15.000
   50.424  -100.747    15.000
   50.424  -100.747    15.000
   50.424  -100.747    15.000
   50.548  -100.733    15.000
   50.548  -100.733    15.000
   50.548  -100.733    15.000
   50.548  -100.733    15.000
   50.548  -100.733    15.000
   50.061  -102.328    15.000
   50.061  -102.328    15.000
   50.061  -102.328    15.000
   50.061  -102.328    15.000
   50.061  -102.328    15.000
   53.020  -104.815    15.000
   53.020  -104.815    15.000
   53.020  -104.815    15.000
   53.020  -104.815    15.000
   53.020  -104.815    15.000
   51.850  -101.690    15.000
   51.850  -101.690    15.000
   51.850  -101.690    15.000
   51.850  -101.690    15.000
   51.850  -101.690    15.000
   50.742  -101.677    15.000
   50.742  -101.677    15.000
   50.742  -101.677    15.000
   50.742  -101.677    15.000
   50.742  -101.677    15.000
   50.616  -100.773    15.000
   50.616  -100.773    15.000
   50.616  -100.773    15.000
   50.616  -100.773    15.000
   50.616  -100.773    15.000
   51.133  -100.968    15.000
   51.133  -100.968    15.000
   51.133  -100.968    15.000
   51.133  -100.968    15.000
   51.133  -100.968    15.000
   51.311  -101.254    15.000
   51.311  -101.254    15.000
   51.311  -101.254    15.000
   51.311  -101.254    15.000
   51.311  -101.254    15.000
   51.809  -101.589    15.000
   51.809  -101.589    15.000
   51.809  -101.589    15.000
   51.809  -101.589    15.000
   51.809  -101.589    15.000
   51.250  -101.839    15.000
   51.250  -101.839    15.000
   51.250  -101.839    15.000
   51.250  -101.839    15.000
   51.250  -101.839    15.000
   51.472  -102.136    15.000
   51.472  -102.136    15.000
   51.472  -102.136    15.000
   51.472  -102.136    15.000
   51.472  -102.136    15.000
   51.499  -102.469    15.000
   51.499  -102.469    15.000
   51.499  -102.469    15.000
   51.499  -102.469    15.000
   51.499  -102.469    15.000
   52.069  -102.306    15.000
   52.069  -102.306    15.000
   52.069  -102.306    15.000
   52.069  -102.306    15.000
   52.069  -102.306    15.000
   50.464  -103.719    15.000
   50.464  -103.719    15.000
   50.464  -103.719    15.000
   50.464  -103.719    15.000
   50.464  -103.719    15.000
   51.135  -103.153    15.000
   51.135  -103.153    15.000
   51.135  -103.153    15.000
   51.135  -103.153    15.000
   51.135  -103.153    15.000
   49.894  -101.180    15.000
   49.894  -101.180    15.000
   49.894  -101.180    15.000
   49.894  -101.180    15.000
   49.894  -101.180    15.000
   50.068  -100.911    15.000
   50.068  -100.911    15.000
   50.068  -100.911    15.000
   50.068  -100.911    15.000
   50.068  -100.911    15.000
   51.098  -101.223    15.000
   51.098  -101.223    15.000
   51.098  -101.223    15.000
   51.098  -101.223    15.000
   51.098  -101.223    15.000
   53.048  -103.745    15.000
   53.048  -103.745    15.000
   53.048  -103.745    15.000
   53.048  -103.745    15.000
   53.048  -103.745    15.000
   52.800  -103.233    15.000
   52.800  -103.233    15.000
   52.800  -103.233    15.000
   52.800  -103.233    15.000
   52.800  -103.233    15.000
   53.037  -103.772    15.000
   53.037  -103.772    15.000
   53.037  -103.772    15.000
   53.037  -103.772    15.000
   53.037  -103.772    15.000
   51.373  -102.197    15.000
   51.373  -102.197    15.000
   51.373  -102.197    15.000
   51.373  -102.197    15.000
   51.373  -102.197    15.000
   51.473  -102.180    15.000
   51.473  -102.180    15.000
   51.473  -102.180    15.000
   51.473  -102.180    15.000
   51.473  -102.180    15.000
   51.689  -102.192    15.000
   51.689  -102.192    15.000
   51.689  -102.192    15.000
   51.689  -102.192    15.000
   51.689  -102.192    15.000
   51.895  -102.509    15.000
   51.895  -102.509    15.000
   51.895  -102.509    15.000
   51.895  -102.509    15.000
   51.895  -102.509    15.000
   52.111  -102.336    15.000
   52.111  -102.336    15.000
   52.111  -102.336    15.000
   52.111  -102.336    15.000
   52.111  -102.336    15.000
   51.186  -103.452    15.000
   51.186  -103.452    15.000
   51.186  -103.452    15.000
   51.186  -103.452    15.000
   51.186  -103.452    15.000
   51.150  -103.409    15.000
   51.150  -103.409    15.000
   51.150  -103.409    15.000
   51.150  -103.409    15.000
   51.150  -103.409    15.000
   52.237  -103.594    15.000
   52.237  -103.594    15.000
   52.237  -103.594    15.000
   52.237  -103.594    15.000
   52.237  -103.594    15.000
   31.695   -82.391    15.000
   31.695   -82.391    15.000
   31.695   -82.391    15.000
   31.695   -82.391    15.000
   31.695   -82.391    15.000
   47.442   -97.196    15.000
   47.442   -97.196    15.000
   47.442   -97.196    15.000
   47.442   -97.196    15.000
   47.442   -97.196    15.000
   48.341   -97.662    15.000
   48.341   -97.662    15.000
   48.341   -97.662    15.000
   48.341   -97.662    15.000
   48.341   -97.662    15.000
   48.670   -98.700    15.000
   48.670   -98.700    15.000
   48.670   -98.700    15.000
   48.670   -98.700    15.000
   48.670   -98.700    15.000
   48.800   -99.108    15.000
   48.800   -99.108    15.000
   48.800   -99.108    15.000
   48.800   -99.108    15.000
   48.800   -99.108    15.000
   38.597   -82.826    15.000
   38.597   -82.826    15.000
   38.597   -82.826    15.000
   38.597   -82.826    15.000
   38.597   -82.826    15.000
   47.694   -97.206    15.000
   47.694   -97.206    15.000
   47.694   -97.206    15.000
   47.694   -97.206    15.000
   47.694   -97.206    15.000
   47.946   -98.223    15.000
   47.946   -98.223    15.000
   47.946   -98.223    15.000
   47.946   -98.223    15.000
   47.946   -98.223    15.000
   37.756   -87.038    15.000
   37.756   -87.038    15.000
   37.756   -87.038    15.000
   37.756   -87.038    15.000
   37.756   -87.038    15.000
   47.569   -97.083    15.000
   47.569   -97.083    15.000
   47.569   -97.083    15.000
   47.569   -97.083    15.000
   47.569   -97.083    15.000
   55.761  -114.385    15.000
   55.761  -114.385    15.000
   55.761  -114.385    15.000
   55.761  -114.385    15.000
   55.761  -114.385    15.000
   55.733  -114.443    15.000
   55.733  -114.443    15.000
   55.733  -114.443    15.000
   55.733  -114.443    15.000
   55.733  -114.443    15.000
   55.770  -114.520    15.000
   55.770  -114.520    15.000
   55.770  -114.520    15.000
   55.770  -114.520    15.000
   55.770  -114.520    15.000
   58.265  -117.286    15.000
   58.265  -117.286    15.000
   58.265  -117.286    15.000
   58.265  -117.286    15.000
   58.265  -117.286    15.000
   58.360  -117.280    15.000
   58.360  -117.280    15.000
   58.360  -117.280    15.000
   58.360  -117.280    15.000
   58.360  -117.280    15.000
   57.045  -117.870    15.000
   57.045  -117.870    15.000
   57.045  -117.870    15.000
   57.045  -117.870    15.000
   57.045  -117.870    15.000
   57.190  -117.945    15.000
   57.190  -117.945    15.000
   57.190  -117.945    15.000
   57.190  -117.945    15.000
   57.190  -117.945    15.000
   57.176  -118.005    15.000
   57.176  -118.005    15.000
   57.176  -118.005    15.000
   57.176  -118.005    15.000
   57.176  -118.005    15.000
   58.320  -117.350    15.000
   58.320  -117.350    15.000
   58.320  -117.350    15.000
   58.320  -117.350    15.000
   58.320  -117.350    15.000
   58.370  -117.410    15.000
   58.370  -117.410    15.000
   58.370  -117.410    15.000
   58.370  -117.410    15.000
   58.370  -117.410    15.000
   58.605  -117.836    15.000
   58.605  -117.836    15.000
   58.605  -117.836    15.000
   58.605  -117.836    15.000
   58.605  -117.836    15.000
   57.140  -117.955    15.000
   57.140  -117.955    15.000
   57.140  -117.955    15.000
   57.140  -117.955    15.000
   57.140  -117.955    15.000
   58.481  -117.294    15.000
   58.481  -117.294    15.000
   58.481  -117.294    15.000
   58.481  -117.294    15.000
   58.481  -117.294    15.000
   58.558  -117.767    15.000
   58.558  -117.767    15.000
   58.558  -117.767    15.000
   58.558  -117.767    15.000
   58.558  -117.767    15.000
   57.114  -118.048    15.000
   57.114  -118.048    15.000
   57.114  -118.048    15.000
   57.114  -118.048    15.000
   57.114  -118.048    15.000
   58.450  -117.430    15.000
   58.450  -117.430    15.000
   58.450  -117.430    15.000
   58.450  -117.430    15.000
   58.450  -117.430    15.000
   58.478  -117.335    15.000
   58.478  -117.335    15.000
   58.478  -117.335    15.000
   58.478  -117.335    15.000
   58.478  -117.335    15.000
   58.326  -117.225    15.000
   58.326  -117.225    15.000
   58.326  -117.225    15.000
   58.326  -117.225    15.000
   58.326  -117.225    15.000
   58.293  -117.415    15.000
   58.293  -117.415    15.000
   58.293  -117.415    15.000
   58.293  -117.415    15.000
   58.293  -117.415    15.000
   57.140  -117.885    15.000
   57.140  -117.885    15.000
   57.140  -117.885    15.000
   57.140  -117.885    15.000
   57.140  -117.885    15.000
   57.115  -117.870    15.000
   57.115  -117.870    15.000
   57.115  -117.870    15.000
   57.115  -117.870    15.000
   57.115  -117.870    15.000
   48.309   -99.074    15.000
   48.309   -99.074    15.000
   48.309   -99.074    15.000
   48.309   -99.074    15.000
   48.309   -99.074    15.000
   55.996  -114.654    15.000
   55.996  -114.654    15.000
   55.996  -114.654    15.000
   55.996  -114.654    15.000
   55.996  -114.654    15.000
   55.919  -114.576    15.000
   55.919  -114.576    15.000
   55.919  -114.576    15.000
   55.919  -114.576    15.000
   55.919  -114.576    15.000
   55.955  -114.690    15.000
   55.955  -114.690    15.000
   55.955  -114.690    15.000
   55.955  -114.690    15.000
   55.955  -114.690    15.000
   55.884  -114.592    15.000
   55.884  -114.592    15.000
   55.884  -114.592    15.000
   55.884  -114.592    15.000
   55.884  -114.592    15.000
   55.870  -114.590    15.000
   55.870  -114.590    15.000
   55.870  -114.590    15.000
   55.870  -114.590    15.000
   55.870  -114.590    15.000
   58.579  -117.650    15.000
   58.579  -117.650    15.000
   58.579  -117.650    15.000
   58.579  -117.650    15.000
   58.579  -117.650    15.000
   58.570  -117.514    15.000
   58.570  -117.514    15.000
   58.570  -117.514    15.000
   58.570  -117.514    15.000
   58.570  -117.514    15.000
   58.343  -117.536    15.000
   58.343  -117.536    15.000
   58.343  -117.536    15.000
   58.343  -117.536    15.000
   58.343  -117.536    15.000
   58.421  -117.612    15.000
   58.421  -117.612    15.000
   58.421  -117.612    15.000
   58.421  -117.612    15.000
   58.421  -117.612    15.000
   58.594  -117.850    15.000
   58.594  -117.850    15.000
   58.594  -117.850    15.000
   58.594  -117.850    15.000
   58.594  -117.850    15.000
   58.315  -117.450    15.000
   58.315  -117.450    15.000
   58.315  -117.450    15.000
   58.315  -117.450    15.000
   58.315  -117.450    15.000
   58.490  -117.240    15.000
   58.490  -117.240    15.000
   58.490  -117.240    15.000
   58.490  -117.240    15.000
   58.490  -117.240    15.000
   58.360  -117.380    15.000
   58.360  -117.380    15.000
   58.360  -117.380    15.000
   58.360  -117.380    15.000
   58.360  -117.380    15.000
   55.820  -114.570    15.000
   55.820  -114.570    15.000
   55.820  -114.570    15.000
   55.820  -114.570    15.000
   55.820  -114.570    15.000
   55.750  -114.490    15.000
   55.750  -114.490    15.000
   55.750  -114.490    15.000
   55.750  -114.490    15.000
   55.750  -114.490    15.000
   55.780  -114.560    15.000
   55.780  -114.560    15.000
   55.780  -114.560    15.000
   55.780  -114.560    15.000
   55.780  -114.560    15.000
   51.282  -101.822    15.000
   51.282  -101.822    15.000
   51.282  -101.822    15.000
   51.282  -101.822    15.000
   51.282  -101.822    15.000
   51.393  -103.864    15.000
   51.393  -103.864    15.000
   51.393  -103.864    15.000
   51.393  -103.864    15.000
   51.393  -103.864    15.000
   58.580  -117.914    15.000
   58.580  -117.914    15.000
   58.580  -117.914    15.000
   58.580  -117.914    15.000
   58.580  -117.914    15.000
   59.292  -112.114    15.000
   59.292  -112.114    15.000
   59.292  -112.114    15.000
   59.292  -112.114    15.000
   59.292  -112.114    15.000
   58.566  -118.002    15.000
   58.566  -118.002    15.000
   58.566  -118.002    15.000
   58.566  -118.002    15.000
   58.566  -118.002    15.000
   51.041   -99.626    15.000
   51.041   -99.626    15.000
   51.041   -99.626    15.000
   51.041   -99.626    15.000
   51.041   -99.626    15.000
   58.252  -117.394    15.000
   58.252  -117.394    15.000
   58.252  -117.394    15.000
   58.252  -117.394    15.000
   58.252  -117.394    15.000
   55.000   -98.500    15.000
   55.000   -98.500    15.000
   55.000   -98.500    15.000
   55.000   -98.500    15.000
   55.000   -98.500    15.000
0024
0
  10000.0
1
./
ERA5-20190521-00-casestudy-31km.arl
1
PM25
0.001
    24.000
19 05 21 00 00
1
   55.000   -98.500
    0.100     0.100
   30.000    92.000
./
hysplit.con
1
10
19 05 21 00 00
19 05 22 00 00
0 1 0
1
1 1 1
0 0 0 0 0
0 0.0001 0.0005
0
0.0
