19 06 02 00
1705
   51.690  -120.506    15.000
   51.690  -120.506    15.000
   51.690  -120.506    15.000
   51.690  -120.506    15.000
   51.690  -120.506    15.000
   60.267  -126.347    15.000
   60.267  -126.347    15.000
   60.267  -126.347    15.000
   60.267  -126.347    15.000
   60.267  -126.347    15.000
   60.301  -126.056    15.000
   60.301  -126.056    15.000
   60.301  -126.056    15.000
   60.301  -126.056    15.000
   60.301  -126.056    15.000
   59.571  -128.685    15.000
   59.571  -128.685    15.000
   59.571  -128.685    15.000
   59.571  -128.685    15.000
   59.571  -128.685    15.000
   59.813  -124.295    15.000
   59.813  -124.295    15.000
   59.813  -124.295    15.000
   59.813  -124.295    15.000
   59.813  -124.295    15.000
   58.911  -127.350    15.000
   58.911  -127.350    15.000
   58.911  -127.350    15.000
   58.911  -127.350    15.000
   58.911  -127.350    15.000
   54.863  -124.438    15.000
   54.863  -124.438    15.000
   54.863  -124.438    15.000
   54.863  -124.438    15.000
   54.863  -124.438    15.000
   58.994  -127.399    15.000
   58.994  -127.399    15.000
   58.994  -127.399    15.000
   58.994  -127.399    15.000
   58.994  -127.399    15.000
   60.230  -126.240    15.000
   60.230  -126.240    15.000
   60.230  -126.240    15.000
   60.230  -126.240    15.000
   60.230  -126.240    15.000
   60.317  -126.105    15.000
   60.317  -126.105    15.000
   60.317  -126.105    15.000
   60.317  -126.105    15.000
   60.317  -126.105    15.000
   60.283  -126.135    15.000
   60.283  -126.135    15.000
   60.283  -126.135    15.000
   60.283  -126.135    15.000
   60.283  -126.135    15.000
   59.832  -124.159    15.000
   59.832  -124.159    15.000
   59.832  -124.159    15.000
   59.832  -124.159    15.000
   59.832  -124.159    15.000
   57.788  -125.527    15.000
   57.788  -125.527    15.000
   57.788  -125.527    15.000
   57.788  -125.527    15.000
   57.788  -125.527    15.000
   60.295  -126.012    15.000
   60.295  -126.012    15.000
   60.295  -126.012    15.000
   60.295  -126.012    15.000
   60.295  -126.012    15.000
   59.546  -128.637    15.000
   59.546  -128.637    15.000
   59.546  -128.637    15.000
   59.546  -128.637    15.000
   59.546  -128.637    15.000
   25.916  -107.115    15.000
   25.916  -107.115    15.000
   25.916  -107.115    15.000
   25.916  -107.115    15.000
   25.916  -107.115    15.000
   34.521  -112.554    15.000
   34.521  -112.554    15.000
   34.521  -112.554    15.000
   34.521  -112.554    15.000
   34.521  -112.554    15.000
   35.304  -111.416    15.000
   35.304  -111.416    15.000
   35.304  -111.416    15.000
   35.304  -111.416    15.000
   35.304  -111.416    15.000
   48.498  -120.125    15.000
   48.498  -120.125    15.000
   48.498  -120.125    15.000
   48.498  -120.125    15.000
   48.498  -120.125    15.000
   28.795  -110.121    15.000
   28.795  -110.121    15.000
   28.795  -110.121    15.000
   28.795  -110.121    15.000
   28.795  -110.121    15.000
   55.625  -114.351    15.000
   55.625  -114.351    15.000
   55.625  -114.351    15.000
   55.625  -114.351    15.000
   55.625  -114.351    15.000
   59.224  -112.587    15.000
   59.224  -112.587    15.000
   59.224  -112.587    15.000
   59.224  -112.587    15.000
   59.224  -112.587    15.000
   55.910  -114.230    15.000
   55.910  -114.230    15.000
   55.910  -114.230    15.000
   55.910  -114.230    15.000
   55.910  -114.230    15.000
   56.138  -114.452    15.000
   56.138  -114.452    15.000
   56.138  -114.452    15.000
   56.138  -114.452    15.000
   56.138  -114.452    15.000
   59.199  -112.645    15.000
   59.199  -112.645    15.000
   59.199  -112.645    15.000
   59.199  -112.645    15.000
   59.199  -112.645    15.000
   55.646  -114.467    15.000
   55.646  -114.467    15.000
   55.646  -114.467    15.000
   55.646  -114.467    15.000
   55.646  -114.467    15.000
   57.077  -118.173    15.000
   57.077  -118.173    15.000
   57.077  -118.173    15.000
   57.077  -118.173    15.000
   57.077  -118.173    15.000
   55.552  -114.462    15.000
   55.552  -114.462    15.000
   55.552  -114.462    15.000
   55.552  -114.462    15.000
   55.552  -114.462    15.000
   58.101  -117.623    15.000
   58.101  -117.623    15.000
   58.101  -117.623    15.000
   58.101  -117.623    15.000
   58.101  -117.623    15.000
   57.061  -117.804    15.000
   57.061  -117.804    15.000
   57.061  -117.804    15.000
   57.061  -117.804    15.000
   57.061  -117.804    15.000
   59.570  -117.090    15.000
   59.570  -117.090    15.000
   59.570  -117.090    15.000
   59.570  -117.090    15.000
   59.570  -117.090    15.000
   57.949  -117.540    15.000
   57.949  -117.540    15.000
   57.949  -117.540    15.000
   57.949  -117.540    15.000
   57.949  -117.540    15.000
   56.278  -114.503    15.000
   56.278  -114.503    15.000
   56.278  -114.503    15.000
   56.278  -114.503    15.000
   56.278  -114.503    15.000
   55.929  -114.839    15.000
   55.929  -114.839    15.000
   55.929  -114.839    15.000
   55.929  -114.839    15.000
   55.929  -114.839    15.000
   55.900  -114.120    15.000
   55.900  -114.120    15.000
   55.900  -114.120    15.000
   55.900  -114.120    15.000
   55.900  -114.120    15.000
   59.365  -112.425    15.000
   59.365  -112.425    15.000
   59.365  -112.425    15.000
   59.365  -112.425    15.000
   59.365  -112.425    15.000
   57.256  -117.957    15.000
   57.256  -117.957    15.000
   57.256  -117.957    15.000
   57.256  -117.957    15.000
   57.256  -117.957    15.000
   56.145  -114.476    15.000
   56.145  -114.476    15.000
   56.145  -114.476    15.000
   56.145  -114.476    15.000
   56.145  -114.476    15.000
   59.170  -112.510    15.000
   59.170  -112.510    15.000
   59.170  -112.510    15.000
   59.170  -112.510    15.000
   59.170  -112.510    15.000
   57.920  -117.530    15.000
   57.920  -117.530    15.000
   57.920  -117.530    15.000
   57.920  -117.530    15.000
   57.920  -117.530    15.000
   55.717  -114.283    15.000
   55.717  -114.283    15.000
   55.717  -114.283    15.000
   55.717  -114.283    15.000
   55.717  -114.283    15.000
   56.320  -114.433    15.000
   56.320  -114.433    15.000
   56.320  -114.433    15.000
   56.320  -114.433    15.000
   56.320  -114.433    15.000
   55.694  -114.173    15.000
   55.694  -114.173    15.000
   55.694  -114.173    15.000
   55.694  -114.173    15.000
   55.694  -114.173    15.000
   57.987  -117.636    15.000
   57.987  -117.636    15.000
   57.987  -117.636    15.000
   57.987  -117.636    15.000
   57.987  -117.636    15.000
   55.842  -114.725    15.000
   55.842  -114.725    15.000
   55.842  -114.725    15.000
   55.842  -114.725    15.000
   55.842  -114.725    15.000
   55.650  -114.473    15.000
   55.650  -114.473    15.000
   55.650  -114.473    15.000
   55.650  -114.473    15.000
   55.650  -114.473    15.000
   55.749  -114.180    15.000
   55.749  -114.180    15.000
   55.749  -114.180    15.000
   55.749  -114.180    15.000
   55.749  -114.180    15.000
   56.204  -114.443    15.000
   56.204  -114.443    15.000
   56.204  -114.443    15.000
   56.204  -114.443    15.000
   56.204  -114.443    15.000
   56.033  -114.664    15.000
   56.033  -114.664    15.000
   56.033  -114.664    15.000
   56.033  -114.664    15.000
   56.033  -114.664    15.000
   56.216  -114.516    15.000
   56.216  -114.516    15.000
   56.216  -114.516    15.000
   56.216  -114.516    15.000
   56.216  -114.516    15.000
   55.620  -114.340    15.000
   55.620  -114.340    15.000
   55.620  -114.340    15.000
   55.620  -114.340    15.000
   55.620  -114.340    15.000
   55.808  -114.317    15.000
   55.808  -114.317    15.000
   55.808  -114.317    15.000
   55.808  -114.317    15.000
   55.808  -114.317    15.000
   55.766  -114.054    15.000
   55.766  -114.054    15.000
   55.766  -114.054    15.000
   55.766  -114.054    15.000
   55.766  -114.054    15.000
   56.455  -114.348    15.000
   56.455  -114.348    15.000
   56.455  -114.348    15.000
   56.455  -114.348    15.000
   56.455  -114.348    15.000
   56.386  -114.427    15.000
   56.386  -114.427    15.000
   56.386  -114.427    15.000
   56.386  -114.427    15.000
   56.386  -114.427    15.000
   55.934  -114.215    15.000
   55.934  -114.215    15.000
   55.934  -114.215    15.000
   55.934  -114.215    15.000
   55.934  -114.215    15.000
   37.377   -96.358    15.000
   37.377   -96.358    15.000
   37.377   -96.358    15.000
   37.377   -96.358    15.000
   37.377   -96.358    15.000
   38.773   -91.329    15.000
   38.773   -91.329    15.000
   38.773   -91.329    15.000
   38.773   -91.329    15.000
   38.773   -91.329    15.000
   30.218   -93.309    15.000
   30.218   -93.309    15.000
   30.218   -93.309    15.000
   30.218   -93.309    15.000
   30.218   -93.309    15.000
   30.052   -93.340    15.000
   30.052   -93.340    15.000
   30.052   -93.340    15.000
   30.052   -93.340    15.000
   30.052   -93.340    15.000
   35.048   -90.165    15.000
   35.048   -90.165    15.000
   35.048   -90.165    15.000
   35.048   -90.165    15.000
   35.048   -90.165    15.000
   38.341   -96.825    15.000
   38.341   -96.825    15.000
   38.341   -96.825    15.000
   38.341   -96.825    15.000
   38.341   -96.825    15.000
   34.636   -87.084    15.000
   34.636   -87.084    15.000
   34.636   -87.084    15.000
   34.636   -87.084    15.000
   34.636   -87.084    15.000
   41.179   -87.854    15.000
   41.179   -87.854    15.000
   41.179   -87.854    15.000
   41.179   -87.854    15.000
   41.179   -87.854    15.000
   51.504  -100.121    15.000
   51.504  -100.121    15.000
   51.504  -100.121    15.000
   51.504  -100.121    15.000
   51.504  -100.121    15.000
   51.172   -99.543    15.000
   51.172   -99.543    15.000
   51.172   -99.543    15.000
   51.172   -99.543    15.000
   51.172   -99.543    15.000
   55.830  -114.270    15.000
   55.830  -114.270    15.000
   55.830  -114.270    15.000
   55.830  -114.270    15.000
   55.830  -114.270    15.000
   56.420  -114.360    15.000
   56.420  -114.360    15.000
   56.420  -114.360    15.000
   56.420  -114.360    15.000
   56.420  -114.360    15.000
   55.860  -114.730    15.000
   55.860  -114.730    15.000
   55.860  -114.730    15.000
   55.860  -114.730    15.000
   55.860  -114.730    15.000
   55.935  -114.125    15.000
   55.935  -114.125    15.000
   55.935  -114.125    15.000
   55.935  -114.125    15.000
   55.935  -114.125    15.000
   55.910  -114.740    15.000
   55.910  -114.740    15.000
   55.910  -114.740    15.000
   55.910  -114.740    15.000
   55.910  -114.740    15.000
   56.345  -114.400    15.000
   56.345  -114.400    15.000
   56.345  -114.400    15.000
   56.345  -114.400    15.000
   56.345  -114.400    15.000
   55.577  -114.397    15.000
   55.577  -114.397    15.000
   55.577  -114.397    15.000
   55.577  -114.397    15.000
   55.577  -114.397    15.000
   57.970  -117.520    15.000
   57.970  -117.520    15.000
   57.970  -117.520    15.000
   57.970  -117.520    15.000
   57.970  -117.520    15.000
   58.039  -117.743    15.000
   58.039  -117.743    15.000
   58.039  -117.743    15.000
   58.039  -117.743    15.000
   58.039  -117.743    15.000
   58.214  -117.303    15.000
   58.214  -117.303    15.000
   58.214  -117.303    15.000
   58.214  -117.303    15.000
   58.214  -117.303    15.000
   58.065  -117.772    15.000
   58.065  -117.772    15.000
   58.065  -117.772    15.000
   58.065  -117.772    15.000
   58.065  -117.772    15.000
   57.986  -117.693    15.000
   57.986  -117.693    15.000
   57.986  -117.693    15.000
   57.986  -117.693    15.000
   57.986  -117.693    15.000
   58.363  -117.872    15.000
   58.363  -117.872    15.000
   58.363  -117.872    15.000
   58.363  -117.872    15.000
   58.363  -117.872    15.000
   58.143  -117.229    15.000
   58.143  -117.229    15.000
   58.143  -117.229    15.000
   58.143  -117.229    15.000
   58.143  -117.229    15.000
   58.078  -117.679    15.000
   58.078  -117.679    15.000
   58.078  -117.679    15.000
   58.078  -117.679    15.000
   58.078  -117.679    15.000
   58.100  -117.610    15.000
   58.100  -117.610    15.000
   58.100  -117.610    15.000
   58.100  -117.610    15.000
   58.100  -117.610    15.000
   58.278  -117.779    15.000
   58.278  -117.779    15.000
   58.278  -117.779    15.000
   58.278  -117.779    15.000
   58.278  -117.779    15.000
   57.007  -117.842    15.000
   57.007  -117.842    15.000
   57.007  -117.842    15.000
   57.007  -117.842    15.000
   57.007  -117.842    15.000
   57.940  -117.600    15.000
   57.940  -117.600    15.000
   57.940  -117.600    15.000
   57.940  -117.600    15.000
   57.940  -117.600    15.000
   57.917  -117.332    15.000
   57.917  -117.332    15.000
   57.917  -117.332    15.000
   57.917  -117.332    15.000
   57.917  -117.332    15.000
   58.230  -117.759    15.000
   58.230  -117.759    15.000
   58.230  -117.759    15.000
   58.230  -117.759    15.000
   58.230  -117.759    15.000
   58.375  -117.806    15.000
   58.375  -117.806    15.000
   58.375  -117.806    15.000
   58.375  -117.806    15.000
   58.375  -117.806    15.000
   57.915  -117.226    15.000
   57.915  -117.226    15.000
   57.915  -117.226    15.000
   57.915  -117.226    15.000
   57.915  -117.226    15.000
   57.104  -117.773    15.000
   57.104  -117.773    15.000
   57.104  -117.773    15.000
   57.104  -117.773    15.000
   57.104  -117.773    15.000
   59.152  -112.459    15.000
   59.152  -112.459    15.000
   59.152  -112.459    15.000
   59.152  -112.459    15.000
   59.152  -112.459    15.000
   27.821  -108.453    15.000
   27.821  -108.453    15.000
   27.821  -108.453    15.000
   27.821  -108.453    15.000
   27.821  -108.453    15.000
   26.246  -108.932    15.000
   26.246  -108.932    15.000
   26.246  -108.932    15.000
   26.246  -108.932    15.000
   26.246  -108.932    15.000
   35.344  -111.432    15.000
   35.344  -111.432    15.000
   35.344  -111.432    15.000
   35.344  -111.432    15.000
   35.344  -111.432    15.000
   33.418  -110.864    15.000
   33.418  -110.864    15.000
   33.418  -110.864    15.000
   33.418  -110.864    15.000
   33.418  -110.864    15.000
   57.971  -117.060    15.000
   57.971  -117.060    15.000
   57.971  -117.060    15.000
   57.971  -117.060    15.000
   57.971  -117.060    15.000
   58.003  -117.049    15.000
   58.003  -117.049    15.000
   58.003  -117.049    15.000
   58.003  -117.049    15.000
   58.003  -117.049    15.000
   58.219  -117.232    15.000
   58.219  -117.232    15.000
   58.219  -117.232    15.000
   58.219  -117.232    15.000
   58.219  -117.232    15.000
   55.651  -114.558    15.000
   55.651  -114.558    15.000
   55.651  -114.558    15.000
   55.651  -114.558    15.000
   55.651  -114.558    15.000
   58.020  -117.082    15.000
   58.020  -117.082    15.000
   58.020  -117.082    15.000
   58.020  -117.082    15.000
   58.020  -117.082    15.000
   58.258  -117.744    15.000
   58.258  -117.744    15.000
   58.258  -117.744    15.000
   58.258  -117.744    15.000
   58.258  -117.744    15.000
   57.919  -117.107    15.000
   57.919  -117.107    15.000
   57.919  -117.107    15.000
   57.919  -117.107    15.000
   57.919  -117.107    15.000
   58.172  -117.641    15.000
   58.172  -117.641    15.000
   58.172  -117.641    15.000
   58.172  -117.641    15.000
   58.172  -117.641    15.000
   32.212  -101.940    15.000
   32.212  -101.940    15.000
   32.212  -101.940    15.000
   32.212  -101.940    15.000
   32.212  -101.940    15.000
   32.177  -102.270    15.000
   32.177  -102.270    15.000
   32.177  -102.270    15.000
   32.177  -102.270    15.000
   32.177  -102.270    15.000
   35.933   -89.713    15.000
   35.933   -89.713    15.000
   35.933   -89.713    15.000
   35.933   -89.713    15.000
   35.933   -89.713    15.000
   31.363  -101.781    15.000
   31.363  -101.781    15.000
   31.363  -101.781    15.000
   31.363  -101.781    15.000
   31.363  -101.781    15.000
   31.849  -101.807    15.000
   31.849  -101.807    15.000
   31.849  -101.807    15.000
   31.849  -101.807    15.000
   31.849  -101.807    15.000
   30.585   -91.245    15.000
   30.585   -91.245    15.000
   30.585   -91.245    15.000
   30.585   -91.245    15.000
   30.585   -91.245    15.000
   32.458   -97.037    15.000
   32.458   -97.037    15.000
   32.458   -97.037    15.000
   32.458   -97.037    15.000
   32.458   -97.037    15.000
   58.601  -117.795    15.000
   58.601  -117.795    15.000
   58.601  -117.795    15.000
   58.601  -117.795    15.000
   58.601  -117.795    15.000
   42.688  -111.585    15.000
   42.688  -111.585    15.000
   42.688  -111.585    15.000
   42.688  -111.585    15.000
   42.688  -111.585    15.000
   30.496  -109.634    15.000
   30.496  -109.634    15.000
   30.496  -109.634    15.000
   30.496  -109.634    15.000
   30.496  -109.634    15.000
   33.001  -110.770    15.000
   33.001  -110.770    15.000
   33.001  -110.770    15.000
   33.001  -110.770    15.000
   33.001  -110.770    15.000
   59.602  -117.499    15.000
   59.602  -117.499    15.000
   59.602  -117.499    15.000
   59.602  -117.499    15.000
   59.602  -117.499    15.000
   58.652  -117.663    15.000
   58.652  -117.663    15.000
   58.652  -117.663    15.000
   58.652  -117.663    15.000
   58.652  -117.663    15.000
   51.816   -93.872    15.000
   51.816   -93.872    15.000
   51.816   -93.872    15.000
   51.816   -93.872    15.000
   51.816   -93.872    15.000
   26.795   -80.366    15.000
   26.795   -80.366    15.000
   26.795   -80.366    15.000
   26.795   -80.366    15.000
   26.795   -80.366    15.000
   27.185   -81.104    15.000
   27.185   -81.104    15.000
   27.185   -81.104    15.000
   27.185   -81.104    15.000
   27.185   -81.104    15.000
   46.575   -71.872    15.000
   46.575   -71.872    15.000
   46.575   -71.872    15.000
   46.575   -71.872    15.000
   46.575   -71.872    15.000
   27.635   -81.064    15.000
   27.635   -81.064    15.000
   27.635   -81.064    15.000
   27.635   -81.064    15.000
   27.635   -81.064    15.000
   26.864   -81.246    15.000
   26.864   -81.246    15.000
   26.864   -81.246    15.000
   26.864   -81.246    15.000
   26.864   -81.246    15.000
   33.016   -79.885    15.000
   33.016   -79.885    15.000
   33.016   -79.885    15.000
   33.016   -79.885    15.000
   33.016   -79.885    15.000
   40.233   -76.738    15.000
   40.233   -76.738    15.000
   40.233   -76.738    15.000
   40.233   -76.738    15.000
   40.233   -76.738    15.000
   43.843   -73.386    15.000
   43.843   -73.386    15.000
   43.843   -73.386    15.000
   43.843   -73.386    15.000
   43.843   -73.386    15.000
   43.178   -75.317    15.000
   43.178   -75.317    15.000
   43.178   -75.317    15.000
   43.178   -75.317    15.000
   43.178   -75.317    15.000
   26.617   -80.702    15.000
   26.617   -80.702    15.000
   26.617   -80.702    15.000
   26.617   -80.702    15.000
   26.617   -80.702    15.000
   26.486   -80.527    15.000
   26.486   -80.527    15.000
   26.486   -80.527    15.000
   26.486   -80.527    15.000
   26.486   -80.527    15.000
   26.273   -81.227    15.000
   26.273   -81.227    15.000
   26.273   -81.227    15.000
   26.273   -81.227    15.000
   26.273   -81.227    15.000
   37.307   -77.380    15.000
   37.307   -77.380    15.000
   37.307   -77.380    15.000
   37.307   -77.380    15.000
   37.307   -77.380    15.000
   37.355   -78.230    15.000
   37.355   -78.230    15.000
   37.355   -78.230    15.000
   37.355   -78.230    15.000
   37.355   -78.230    15.000
   37.486   -76.541    15.000
   37.486   -76.541    15.000
   37.486   -76.541    15.000
   37.486   -76.541    15.000
   37.486   -76.541    15.000
   26.740   -80.627    15.000
   26.740   -80.627    15.000
   26.740   -80.627    15.000
   26.740   -80.627    15.000
   26.740   -80.627    15.000
   28.056   -81.423    15.000
   28.056   -81.423    15.000
   28.056   -81.423    15.000
   28.056   -81.423    15.000
   28.056   -81.423    15.000
   26.600   -80.552    15.000
   26.600   -80.552    15.000
   26.600   -80.552    15.000
   26.600   -80.552    15.000
   26.600   -80.552    15.000
   26.530   -80.703    15.000
   26.530   -80.703    15.000
   26.530   -80.703    15.000
   26.530   -80.703    15.000
   26.530   -80.703    15.000
   36.218   -76.505    15.000
   36.218   -76.505    15.000
   36.218   -76.505    15.000
   36.218   -76.505    15.000
   36.218   -76.505    15.000
   42.551   -71.511    15.000
   42.551   -71.511    15.000
   42.551   -71.511    15.000
   42.551   -71.511    15.000
   42.551   -71.511    15.000
   51.410  -103.507    15.000
   51.410  -103.507    15.000
   51.410  -103.507    15.000
   51.410  -103.507    15.000
   51.410  -103.507    15.000
   53.042  -104.044    15.000
   53.042  -104.044    15.000
   53.042  -104.044    15.000
   53.042  -104.044    15.000
   53.042  -104.044    15.000
   50.859  -102.201    15.000
   50.859  -102.201    15.000
   50.859  -102.201    15.000
   50.859  -102.201    15.000
   50.859  -102.201    15.000
   36.466   -77.555    15.000
   36.466   -77.555    15.000
   36.466   -77.555    15.000
   36.466   -77.555    15.000
   36.466   -77.555    15.000
   42.542   -71.598    15.000
   42.542   -71.598    15.000
   42.542   -71.598    15.000
   42.542   -71.598    15.000
   42.542   -71.598    15.000
   40.904   -98.332    15.000
   40.904   -98.332    15.000
   40.904   -98.332    15.000
   40.904   -98.332    15.000
   40.904   -98.332    15.000
   45.929   -95.920    15.000
   45.929   -95.920    15.000
   45.929   -95.920    15.000
   45.929   -95.920    15.000
   45.929   -95.920    15.000
   47.484   -96.697    15.000
   47.484   -96.697    15.000
   47.484   -96.697    15.000
   47.484   -96.697    15.000
   47.484   -96.697    15.000
   49.777  -103.126    15.000
   49.777  -103.126    15.000
   49.777  -103.126    15.000
   49.777  -103.126    15.000
   49.777  -103.126    15.000
   32.187   -97.927    15.000
   32.187   -97.927    15.000
   32.187   -97.927    15.000
   32.187   -97.927    15.000
   32.187   -97.927    15.000
   32.166   -99.890    15.000
   32.166   -99.890    15.000
   32.166   -99.890    15.000
   32.166   -99.890    15.000
   32.166   -99.890    15.000
   35.855  -106.609    15.000
   35.855  -106.609    15.000
   35.855  -106.609    15.000
   35.855  -106.609    15.000
   35.855  -106.609    15.000
   32.158  -100.154    15.000
   32.158  -100.154    15.000
   32.158  -100.154    15.000
   32.158  -100.154    15.000
   32.158  -100.154    15.000
   38.513   -97.524    15.000
   38.513   -97.524    15.000
   38.513   -97.524    15.000
   38.513   -97.524    15.000
   38.513   -97.524    15.000
   42.931   -98.490    15.000
   42.931   -98.490    15.000
   42.931   -98.490    15.000
   42.931   -98.490    15.000
   42.931   -98.490    15.000
   48.821   -99.096    15.000
   48.821   -99.096    15.000
   48.821   -99.096    15.000
   48.821   -99.096    15.000
   48.821   -99.096    15.000
   47.296   -99.369    15.000
   47.296   -99.369    15.000
   47.296   -99.369    15.000
   47.296   -99.369    15.000
   47.296   -99.369    15.000
   47.123   -96.839    15.000
   47.123   -96.839    15.000
   47.123   -96.839    15.000
   47.123   -96.839    15.000
   47.123   -96.839    15.000
   46.577   -96.924    15.000
   46.577   -96.924    15.000
   46.577   -96.924    15.000
   46.577   -96.924    15.000
   46.577   -96.924    15.000
   47.501   -97.162    15.000
   47.501   -97.162    15.000
   47.501   -97.162    15.000
   47.501   -97.162    15.000
   47.501   -97.162    15.000
   36.230  -105.769    15.000
   36.230  -105.769    15.000
   36.230  -105.769    15.000
   36.230  -105.769    15.000
   36.230  -105.769    15.000
   32.729  -105.532    15.000
   32.729  -105.532    15.000
   32.729  -105.532    15.000
   32.729  -105.532    15.000
   32.729  -105.532    15.000
   49.215  -101.400    15.000
   49.215  -101.400    15.000
   49.215  -101.400    15.000
   49.215  -101.400    15.000
   49.215  -101.400    15.000
   34.120   -97.359    15.000
   34.120   -97.359    15.000
   34.120   -97.359    15.000
   34.120   -97.359    15.000
   34.120   -97.359    15.000
   37.954   -98.322    15.000
   37.954   -98.322    15.000
   37.954   -98.322    15.000
   37.954   -98.322    15.000
   37.954   -98.322    15.000
   34.370   -98.996    15.000
   34.370   -98.996    15.000
   34.370   -98.996    15.000
   34.370   -98.996    15.000
   34.370   -98.996    15.000
   47.549   -97.639    15.000
   47.549   -97.639    15.000
   47.549   -97.639    15.000
   47.549   -97.639    15.000
   47.549   -97.639    15.000
   34.267   -94.827    15.000
   34.267   -94.827    15.000
   34.267   -94.827    15.000
   34.267   -94.827    15.000
   34.267   -94.827    15.000
   45.814  -104.314    15.000
   45.814  -104.314    15.000
   45.814  -104.314    15.000
   45.814  -104.314    15.000
   45.814  -104.314    15.000
   36.832  -100.152    15.000
   36.832  -100.152    15.000
   36.832  -100.152    15.000
   36.832  -100.152    15.000
   36.832  -100.152    15.000
   36.393   -99.394    15.000
   36.393   -99.394    15.000
   36.393   -99.394    15.000
   36.393   -99.394    15.000
   36.393   -99.394    15.000
   32.349   -97.984    15.000
   32.349   -97.984    15.000
   32.349   -97.984    15.000
   32.349   -97.984    15.000
   32.349   -97.984    15.000
   31.699   -98.037    15.000
   31.699   -98.037    15.000
   31.699   -98.037    15.000
   31.699   -98.037    15.000
   31.699   -98.037    15.000
   26.197  -107.954    15.000
   26.197  -107.954    15.000
   26.197  -107.954    15.000
   26.197  -107.954    15.000
   26.197  -107.954    15.000
   26.851  -108.416    15.000
   26.851  -108.416    15.000
   26.851  -108.416    15.000
   26.851  -108.416    15.000
   26.851  -108.416    15.000
   26.923  -108.388    15.000
   26.923  -108.388    15.000
   26.923  -108.388    15.000
   26.923  -108.388    15.000
   26.923  -108.388    15.000
   26.526  -107.658    15.000
   26.526  -107.658    15.000
   26.526  -107.658    15.000
   26.526  -107.658    15.000
   26.526  -107.658    15.000
   26.582  -107.865    15.000
   26.582  -107.865    15.000
   26.582  -107.865    15.000
   26.582  -107.865    15.000
   26.582  -107.865    15.000
   30.378  -111.428    15.000
   30.378  -111.428    15.000
   30.378  -111.428    15.000
   30.378  -111.428    15.000
   30.378  -111.428    15.000
   25.560  -107.223    15.000
   25.560  -107.223    15.000
   25.560  -107.223    15.000
   25.560  -107.223    15.000
   25.560  -107.223    15.000
   25.301  -107.116    15.000
   25.301  -107.116    15.000
   25.301  -107.116    15.000
   25.301  -107.116    15.000
   25.301  -107.116    15.000
   25.300  -106.528    15.000
   25.300  -106.528    15.000
   25.300  -106.528    15.000
   25.300  -106.528    15.000
   25.300  -106.528    15.000
   52.199  -105.356    15.000
   52.199  -105.356    15.000
   52.199  -105.356    15.000
   52.199  -105.356    15.000
   52.199  -105.356    15.000
   31.416   -99.140    15.000
   31.416   -99.140    15.000
   31.416   -99.140    15.000
   31.416   -99.140    15.000
   31.416   -99.140    15.000
   32.477   -96.584    15.000
   32.477   -96.584    15.000
   32.477   -96.584    15.000
   32.477   -96.584    15.000
   32.477   -96.584    15.000
   45.315   -95.425    15.000
   45.315   -95.425    15.000
   45.315   -95.425    15.000
   45.315   -95.425    15.000
   45.315   -95.425    15.000
   45.442   -95.293    15.000
   45.442   -95.293    15.000
   45.442   -95.293    15.000
   45.442   -95.293    15.000
   45.442   -95.293    15.000
   46.055   -96.245    15.000
   46.055   -96.245    15.000
   46.055   -96.245    15.000
   46.055   -96.245    15.000
   46.055   -96.245    15.000
   47.009   -96.802    15.000
   47.009   -96.802    15.000
   47.009   -96.802    15.000
   47.009   -96.802    15.000
   47.009   -96.802    15.000
   47.266   -96.326    15.000
   47.266   -96.326    15.000
   47.266   -96.326    15.000
   47.266   -96.326    15.000
   47.266   -96.326    15.000
   47.392   -96.022    15.000
   47.392   -96.022    15.000
   47.392   -96.022    15.000
   47.392   -96.022    15.000
   47.392   -96.022    15.000
   36.074   -89.632    15.000
   36.074   -89.632    15.000
   36.074   -89.632    15.000
   36.074   -89.632    15.000
   36.074   -89.632    15.000
   36.273   -99.152    15.000
   36.273   -99.152    15.000
   36.273   -99.152    15.000
   36.273   -99.152    15.000
   36.273   -99.152    15.000
   49.930   -96.694    15.000
   49.930   -96.694    15.000
   49.930   -96.694    15.000
   49.930   -96.694    15.000
   49.930   -96.694    15.000
   51.193  -105.059    15.000
   51.193  -105.059    15.000
   51.193  -105.059    15.000
   51.193  -105.059    15.000
   51.193  -105.059    15.000
   33.227   -88.546    15.000
   33.227   -88.546    15.000
   33.227   -88.546    15.000
   33.227   -88.546    15.000
   33.227   -88.546    15.000
   45.342   -99.308    15.000
   45.342   -99.308    15.000
   45.342   -99.308    15.000
   45.342   -99.308    15.000
   45.342   -99.308    15.000
   33.649   -97.031    15.000
   33.649   -97.031    15.000
   33.649   -97.031    15.000
   33.649   -97.031    15.000
   33.649   -97.031    15.000
   33.631   -96.841    15.000
   33.631   -96.841    15.000
   33.631   -96.841    15.000
   33.631   -96.841    15.000
   33.631   -96.841    15.000
   46.016   -97.552    15.000
   46.016   -97.552    15.000
   46.016   -97.552    15.000
   46.016   -97.552    15.000
   46.016   -97.552    15.000
   38.858   -96.245    15.000
   38.858   -96.245    15.000
   38.858   -96.245    15.000
   38.858   -96.245    15.000
   38.858   -96.245    15.000
   47.897   -97.402    15.000
   47.897   -97.402    15.000
   47.897   -97.402    15.000
   47.897   -97.402    15.000
   47.897   -97.402    15.000
   47.544   -97.134    15.000
   47.544   -97.134    15.000
   47.544   -97.134    15.000
   47.544   -97.134    15.000
   47.544   -97.134    15.000
   47.098   -97.649    15.000
   47.098   -97.649    15.000
   47.098   -97.649    15.000
   47.098   -97.649    15.000
   47.098   -97.649    15.000
   44.961   -96.291    15.000
   44.961   -96.291    15.000
   44.961   -96.291    15.000
   44.961   -96.291    15.000
   44.961   -96.291    15.000
   45.964   -96.998    15.000
   45.964   -96.998    15.000
   45.964   -96.998    15.000
   45.964   -96.998    15.000
   45.964   -96.998    15.000
   39.917   -95.755    15.000
   39.917   -95.755    15.000
   39.917   -95.755    15.000
   39.917   -95.755    15.000
   39.917   -95.755    15.000
   26.491   -80.645    15.000
   26.491   -80.645    15.000
   26.491   -80.645    15.000
   26.491   -80.645    15.000
   26.491   -80.645    15.000
   42.218   -94.264    15.000
   42.218   -94.264    15.000
   42.218   -94.264    15.000
   42.218   -94.264    15.000
   42.218   -94.264    15.000
   50.307  -103.065    15.000
   50.307  -103.065    15.000
   50.307  -103.065    15.000
   50.307  -103.065    15.000
   50.307  -103.065    15.000
   51.640  -101.856    15.000
   51.640  -101.856    15.000
   51.640  -101.856    15.000
   51.640  -101.856    15.000
   51.640  -101.856    15.000
   32.755   -93.313    15.000
   32.755   -93.313    15.000
   32.755   -93.313    15.000
   32.755   -93.313    15.000
   32.755   -93.313    15.000
   31.567   -94.046    15.000
   31.567   -94.046    15.000
   31.567   -94.046    15.000
   31.567   -94.046    15.000
   31.567   -94.046    15.000
   30.809   -93.164    15.000
   30.809   -93.164    15.000
   30.809   -93.164    15.000
   30.809   -93.164    15.000
   30.809   -93.164    15.000
   47.668   -91.625    15.000
   47.668   -91.625    15.000
   47.668   -91.625    15.000
   47.668   -91.625    15.000
   47.668   -91.625    15.000
   37.144   -94.544    15.000
   37.144   -94.544    15.000
   37.144   -94.544    15.000
   37.144   -94.544    15.000
   37.144   -94.544    15.000
   32.726   -89.312    15.000
   32.726   -89.312    15.000
   32.726   -89.312    15.000
   32.726   -89.312    15.000
   32.726   -89.312    15.000
   45.638   -96.179    15.000
   45.638   -96.179    15.000
   45.638   -96.179    15.000
   45.638   -96.179    15.000
   45.638   -96.179    15.000
   34.692   -94.938    15.000
   34.692   -94.938    15.000
   34.692   -94.938    15.000
   34.692   -94.938    15.000
   34.692   -94.938    15.000
   31.726   -82.587    15.000
   31.726   -82.587    15.000
   31.726   -82.587    15.000
   31.726   -82.587    15.000
   31.726   -82.587    15.000
   32.735   -89.483    15.000
   32.735   -89.483    15.000
   32.735   -89.483    15.000
   32.735   -89.483    15.000
   32.735   -89.483    15.000
   32.677   -92.311    15.000
   32.677   -92.311    15.000
   32.677   -92.311    15.000
   32.677   -92.311    15.000
   32.677   -92.311    15.000
   46.974   -96.970    15.000
   46.974   -96.970    15.000
   46.974   -96.970    15.000
   46.974   -96.970    15.000
   46.974   -96.970    15.000
   46.227   -98.459    15.000
   46.227   -98.459    15.000
   46.227   -98.459    15.000
   46.227   -98.459    15.000
   46.227   -98.459    15.000
   36.509   -93.568    15.000
   36.509   -93.568    15.000
   36.509   -93.568    15.000
   36.509   -93.568    15.000
   36.509   -93.568    15.000
   55.818  -114.049    15.000
   55.818  -114.049    15.000
   55.818  -114.049    15.000
   55.818  -114.049    15.000
   55.818  -114.049    15.000
   57.937  -104.880    15.000
   57.937  -104.880    15.000
   57.937  -104.880    15.000
   57.937  -104.880    15.000
   57.937  -104.880    15.000
   55.975  -114.176    15.000
   55.975  -114.176    15.000
   55.975  -114.176    15.000
   55.975  -114.176    15.000
   55.975  -114.176    15.000
   56.376  -114.086    15.000
   56.376  -114.086    15.000
   56.376  -114.086    15.000
   56.376  -114.086    15.000
   56.376  -114.086    15.000
   56.292  -113.998    15.000
   56.292  -113.998    15.000
   56.292  -113.998    15.000
   56.292  -113.998    15.000
   56.292  -113.998    15.000
   48.519  -122.025    15.000
   48.519  -122.025    15.000
   48.519  -122.025    15.000
   48.519  -122.025    15.000
   48.519  -122.025    15.000
   46.567  -120.398    15.000
   46.567  -120.398    15.000
   46.567  -120.398    15.000
   46.567  -120.398    15.000
   46.567  -120.398    15.000
   30.226   -88.004    15.000
   30.226   -88.004    15.000
   30.226   -88.004    15.000
   30.226   -88.004    15.000
   30.226   -88.004    15.000
   55.770  -114.129    15.000
   55.770  -114.129    15.000
   55.770  -114.129    15.000
   55.770  -114.129    15.000
   55.770  -114.129    15.000
   56.284  -114.115    15.000
   56.284  -114.115    15.000
   56.284  -114.115    15.000
   56.284  -114.115    15.000
   56.284  -114.115    15.000
   56.338  -114.123    15.000
   56.338  -114.123    15.000
   56.338  -114.123    15.000
   56.338  -114.123    15.000
   56.338  -114.123    15.000
   55.967  -114.233    15.000
   55.967  -114.233    15.000
   55.967  -114.233    15.000
   55.967  -114.233    15.000
   55.967  -114.233    15.000
   50.349  -101.056    15.000
   50.349  -101.056    15.000
   50.349  -101.056    15.000
   50.349  -101.056    15.000
   50.349  -101.056    15.000
   52.505  -100.965    15.000
   52.505  -100.965    15.000
   52.505  -100.965    15.000
   52.505  -100.965    15.000
   52.505  -100.965    15.000
   48.102   -95.707    15.000
   48.102   -95.707    15.000
   48.102   -95.707    15.000
   48.102   -95.707    15.000
   48.102   -95.707    15.000
   38.994   -95.265    15.000
   38.994   -95.265    15.000
   38.994   -95.265    15.000
   38.994   -95.265    15.000
   38.994   -95.265    15.000
   46.300   -97.884    15.000
   46.300   -97.884    15.000
   46.300   -97.884    15.000
   46.300   -97.884    15.000
   46.300   -97.884    15.000
   45.982   -97.352    15.000
   45.982   -97.352    15.000
   45.982   -97.352    15.000
   45.982   -97.352    15.000
   45.982   -97.352    15.000
   46.867   -97.581    15.000
   46.867   -97.581    15.000
   46.867   -97.581    15.000
   46.867   -97.581    15.000
   46.867   -97.581    15.000
   46.681   -96.866    15.000
   46.681   -96.866    15.000
   46.681   -96.866    15.000
   46.681   -96.866    15.000
   46.681   -96.866    15.000
   46.496   -98.029    15.000
   46.496   -98.029    15.000
   46.496   -98.029    15.000
   46.496   -98.029    15.000
   46.496   -98.029    15.000
   32.275   -91.945    15.000
   32.275   -91.945    15.000
   32.275   -91.945    15.000
   32.275   -91.945    15.000
   32.275   -91.945    15.000
   32.079   -92.023    15.000
   32.079   -92.023    15.000
   32.079   -92.023    15.000
   32.079   -92.023    15.000
   32.079   -92.023    15.000
   34.516   -93.128    15.000
   34.516   -93.128    15.000
   34.516   -93.128    15.000
   34.516   -93.128    15.000
   34.516   -93.128    15.000
   48.885   -99.222    15.000
   48.885   -99.222    15.000
   48.885   -99.222    15.000
   48.885   -99.222    15.000
   48.885   -99.222    15.000
   47.227   -97.241    15.000
   47.227   -97.241    15.000
   47.227   -97.241    15.000
   47.227   -97.241    15.000
   47.227   -97.241    15.000
   35.249  -118.769    15.000
   35.249  -118.769    15.000
   35.249  -118.769    15.000
   35.249  -118.769    15.000
   35.249  -118.769    15.000
   36.942  -120.159    15.000
   36.942  -120.159    15.000
   36.942  -120.159    15.000
   36.942  -120.159    15.000
   36.942  -120.159    15.000
   38.636  -122.798    15.000
   38.636  -122.798    15.000
   38.636  -122.798    15.000
   38.636  -122.798    15.000
   38.636  -122.798    15.000
   37.666  -121.540    15.000
   37.666  -121.540    15.000
   37.666  -121.540    15.000
   37.666  -121.540    15.000
   37.666  -121.540    15.000
   44.818   -97.008    15.000
   44.818   -97.008    15.000
   44.818   -97.008    15.000
   44.818   -97.008    15.000
   44.818   -97.008    15.000
   35.063   -94.246    15.000
   35.063   -94.246    15.000
   35.063   -94.246    15.000
   35.063   -94.246    15.000
   35.063   -94.246    15.000
   36.752  -116.051    15.000
   36.752  -116.051    15.000
   36.752  -116.051    15.000
   36.752  -116.051    15.000
   36.752  -116.051    15.000
   42.430   -96.416    15.000
   42.430   -96.416    15.000
   42.430   -96.416    15.000
   42.430   -96.416    15.000
   42.430   -96.416    15.000
   45.318  -123.938    15.000
   45.318  -123.938    15.000
   45.318  -123.938    15.000
   45.318  -123.938    15.000
   45.318  -123.938    15.000
   44.557  -122.851    15.000
   44.557  -122.851    15.000
   44.557  -122.851    15.000
   44.557  -122.851    15.000
   44.557  -122.851    15.000
   46.240   -97.312    15.000
   46.240   -97.312    15.000
   46.240   -97.312    15.000
   46.240   -97.312    15.000
   46.240   -97.312    15.000
   37.513   -97.750    15.000
   37.513   -97.750    15.000
   37.513   -97.750    15.000
   37.513   -97.750    15.000
   37.513   -97.750    15.000
   53.718  -101.405    15.000
   53.718  -101.405    15.000
   53.718  -101.405    15.000
   53.718  -101.405    15.000
   53.718  -101.405    15.000
   51.814  -100.362    15.000
   51.814  -100.362    15.000
   51.814  -100.362    15.000
   51.814  -100.362    15.000
   51.814  -100.362    15.000
   25.239  -107.365    15.000
   25.239  -107.365    15.000
   25.239  -107.365    15.000
   25.239  -107.365    15.000
   25.239  -107.365    15.000
   25.345  -107.375    15.000
   25.345  -107.375    15.000
   25.345  -107.375    15.000
   25.345  -107.375    15.000
   25.345  -107.375    15.000
   25.564  -107.093    15.000
   25.564  -107.093    15.000
   25.564  -107.093    15.000
   25.564  -107.093    15.000
   25.564  -107.093    15.000
   25.648  -107.373    15.000
   25.648  -107.373    15.000
   25.648  -107.373    15.000
   25.648  -107.373    15.000
   25.648  -107.373    15.000
   25.753  -106.698    15.000
   25.753  -106.698    15.000
   25.753  -106.698    15.000
   25.753  -106.698    15.000
   25.753  -106.698    15.000
   26.101  -107.057    15.000
   26.101  -107.057    15.000
   26.101  -107.057    15.000
   26.101  -107.057    15.000
   26.101  -107.057    15.000
   26.158  -107.896    15.000
   26.158  -107.896    15.000
   26.158  -107.896    15.000
   26.158  -107.896    15.000
   26.158  -107.896    15.000
   25.266  -106.810    15.000
   25.266  -106.810    15.000
   25.266  -106.810    15.000
   25.266  -106.810    15.000
   25.266  -106.810    15.000
   25.446  -107.425    15.000
   25.446  -107.425    15.000
   25.446  -107.425    15.000
   25.446  -107.425    15.000
   25.446  -107.425    15.000
   25.895  -107.744    15.000
   25.895  -107.744    15.000
   25.895  -107.744    15.000
   25.895  -107.744    15.000
   25.895  -107.744    15.000
   25.978  -107.878    15.000
   25.978  -107.878    15.000
   25.978  -107.878    15.000
   25.978  -107.878    15.000
   25.978  -107.878    15.000
   26.123  -107.909    15.000
   26.123  -107.909    15.000
   26.123  -107.909    15.000
   26.123  -107.909    15.000
   26.123  -107.909    15.000
   25.729  -107.139    15.000
   25.729  -107.139    15.000
   25.729  -107.139    15.000
   25.729  -107.139    15.000
   25.729  -107.139    15.000
   26.261  -108.947    15.000
   26.261  -108.947    15.000
   26.261  -108.947    15.000
   26.261  -108.947    15.000
   26.261  -108.947    15.000
   26.914  -108.264    15.000
   26.914  -108.264    15.000
   26.914  -108.264    15.000
   26.914  -108.264    15.000
   26.914  -108.264    15.000
   26.182  -107.894    15.000
   26.182  -107.894    15.000
   26.182  -107.894    15.000
   26.182  -107.894    15.000
   26.182  -107.894    15.000
   26.654  -108.155    15.000
   26.654  -108.155    15.000
   26.654  -108.155    15.000
   26.654  -108.155    15.000
   26.654  -108.155    15.000
   26.666  -108.350    15.000
   26.666  -108.350    15.000
   26.666  -108.350    15.000
   26.666  -108.350    15.000
   26.666  -108.350    15.000
   26.629  -108.297    15.000
   26.629  -108.297    15.000
   26.629  -108.297    15.000
   26.629  -108.297    15.000
   26.629  -108.297    15.000
   26.364  -108.175    15.000
   26.364  -108.175    15.000
   26.364  -108.175    15.000
   26.364  -108.175    15.000
   26.364  -108.175    15.000
   26.754  -107.460    15.000
   26.754  -107.460    15.000
   26.754  -107.460    15.000
   26.754  -107.460    15.000
   26.754  -107.460    15.000
   26.880  -101.409    15.000
   26.880  -101.409    15.000
   26.880  -101.409    15.000
   26.880  -101.409    15.000
   26.880  -101.409    15.000
   26.767  -108.316    15.000
   26.767  -108.316    15.000
   26.767  -108.316    15.000
   26.767  -108.316    15.000
   26.767  -108.316    15.000
   27.665  -107.895    15.000
   27.665  -107.895    15.000
   27.665  -107.895    15.000
   27.665  -107.895    15.000
   27.665  -107.895    15.000
   26.219  -108.217    15.000
   26.219  -108.217    15.000
   26.219  -108.217    15.000
   26.219  -108.217    15.000
   26.219  -108.217    15.000
   27.686  -109.208    15.000
   27.686  -109.208    15.000
   27.686  -109.208    15.000
   27.686  -109.208    15.000
   27.686  -109.208    15.000
   26.332  -108.092    15.000
   26.332  -108.092    15.000
   26.332  -108.092    15.000
   26.332  -108.092    15.000
   26.332  -108.092    15.000
   26.312  -108.122    15.000
   26.312  -108.122    15.000
   26.312  -108.122    15.000
   26.312  -108.122    15.000
   26.312  -108.122    15.000
   26.397  -107.366    15.000
   26.397  -107.366    15.000
   26.397  -107.366    15.000
   26.397  -107.366    15.000
   26.397  -107.366    15.000
   26.883  -101.448    15.000
   26.883  -101.448    15.000
   26.883  -101.448    15.000
   26.883  -101.448    15.000
   26.883  -101.448    15.000
   27.491  -109.305    15.000
   27.491  -109.305    15.000
   27.491  -109.305    15.000
   27.491  -109.305    15.000
   27.491  -109.305    15.000
   26.993  -107.379    15.000
   26.993  -107.379    15.000
   26.993  -107.379    15.000
   26.993  -107.379    15.000
   26.993  -107.379    15.000
   26.873  -108.259    15.000
   26.873  -108.259    15.000
   26.873  -108.259    15.000
   26.873  -108.259    15.000
   26.873  -108.259    15.000
   34.497  -111.308    15.000
   34.497  -111.308    15.000
   34.497  -111.308    15.000
   34.497  -111.308    15.000
   34.497  -111.308    15.000
   32.854  -108.178    15.000
   32.854  -108.178    15.000
   32.854  -108.178    15.000
   32.854  -108.178    15.000
   32.854  -108.178    15.000
   35.311  -111.374    15.000
   35.311  -111.374    15.000
   35.311  -111.374    15.000
   35.311  -111.374    15.000
   35.311  -111.374    15.000
   32.422  -100.201    15.000
   32.422  -100.201    15.000
   32.422  -100.201    15.000
   32.422  -100.201    15.000
   32.422  -100.201    15.000
   46.116  -111.551    15.000
   46.116  -111.551    15.000
   46.116  -111.551    15.000
   46.116  -111.551    15.000
   46.116  -111.551    15.000
   43.599  -116.560    15.000
   43.599  -116.560    15.000
   43.599  -116.560    15.000
   43.599  -116.560    15.000
   43.599  -116.560    15.000
   45.588  -113.953    15.000
   45.588  -113.953    15.000
   45.588  -113.953    15.000
   45.588  -113.953    15.000
   45.588  -113.953    15.000
   59.313  -112.445    15.000
   59.313  -112.445    15.000
   59.313  -112.445    15.000
   59.313  -112.445    15.000
   59.313  -112.445    15.000
   57.138  -117.811    15.000
   57.138  -117.811    15.000
   57.138  -117.811    15.000
   57.138  -117.811    15.000
   57.138  -117.811    15.000
   56.005  -114.232    15.000
   56.005  -114.232    15.000
   56.005  -114.232    15.000
   56.005  -114.232    15.000
   56.005  -114.232    15.000
   56.057  -114.266    15.000
   56.057  -114.266    15.000
   56.057  -114.266    15.000
   56.057  -114.266    15.000
   56.057  -114.266    15.000
   50.345  -112.418    15.000
   50.345  -112.418    15.000
   50.345  -112.418    15.000
   50.345  -112.418    15.000
   50.345  -112.418    15.000
   52.116  -105.298    15.000
   52.116  -105.298    15.000
   52.116  -105.298    15.000
   52.116  -105.298    15.000
   52.116  -105.298    15.000
   53.406  -110.225    15.000
   53.406  -110.225    15.000
   53.406  -110.225    15.000
   53.406  -110.225    15.000
   53.406  -110.225    15.000
   55.881  -114.718    15.000
   55.881  -114.718    15.000
   55.881  -114.718    15.000
   55.881  -114.718    15.000
   55.881  -114.718    15.000
   49.404  -119.202    15.000
   49.404  -119.202    15.000
   49.404  -119.202    15.000
   49.404  -119.202    15.000
   49.404  -119.202    15.000
   55.835  -114.645    15.000
   55.835  -114.645    15.000
   55.835  -114.645    15.000
   55.835  -114.645    15.000
   55.835  -114.645    15.000
   48.130   -98.250    15.000
   48.130   -98.250    15.000
   48.130   -98.250    15.000
   48.130   -98.250    15.000
   48.130   -98.250    15.000
   57.080  -118.174    15.000
   57.080  -118.174    15.000
   57.080  -118.174    15.000
   57.080  -118.174    15.000
   57.080  -118.174    15.000
   56.190  -114.425    15.000
   56.190  -114.425    15.000
   56.190  -114.425    15.000
   56.190  -114.425    15.000
   56.190  -114.425    15.000
   57.067  -117.806    15.000
   57.067  -117.806    15.000
   57.067  -117.806    15.000
   57.067  -117.806    15.000
   57.067  -117.806    15.000
   56.210  -114.480    15.000
   56.210  -114.480    15.000
   56.210  -114.480    15.000
   56.210  -114.480    15.000
   56.210  -114.480    15.000
   46.425   -98.490    15.000
   46.425   -98.490    15.000
   46.425   -98.490    15.000
   46.425   -98.490    15.000
   46.425   -98.490    15.000
   56.284  -114.433    15.000
   56.284  -114.433    15.000
   56.284  -114.433    15.000
   56.284  -114.433    15.000
   56.284  -114.433    15.000
   48.110   -98.240    15.000
   48.110   -98.240    15.000
   48.110   -98.240    15.000
   48.110   -98.240    15.000
   48.110   -98.240    15.000
   48.090   -98.250    15.000
   48.090   -98.250    15.000
   48.090   -98.250    15.000
   48.090   -98.250    15.000
   48.090   -98.250    15.000
   55.803  -113.997    15.000
   55.803  -113.997    15.000
   55.803  -113.997    15.000
   55.803  -113.997    15.000
   55.803  -113.997    15.000
   55.945  -114.830    15.000
   55.945  -114.830    15.000
   55.945  -114.830    15.000
   55.945  -114.830    15.000
   55.945  -114.830    15.000
   56.021  -114.673    15.000
   56.021  -114.673    15.000
   56.021  -114.673    15.000
   56.021  -114.673    15.000
   56.021  -114.673    15.000
   56.060  -114.570    15.000
   56.060  -114.570    15.000
   56.060  -114.570    15.000
   56.060  -114.570    15.000
   56.060  -114.570    15.000
   35.320  -111.440    15.000
   35.320  -111.440    15.000
   35.320  -111.440    15.000
   35.320  -111.440    15.000
   35.320  -111.440    15.000
   55.935  -114.790    15.000
   55.935  -114.790    15.000
   55.935  -114.790    15.000
   55.935  -114.790    15.000
   55.935  -114.790    15.000
   55.690  -114.157    15.000
   55.690  -114.157    15.000
   55.690  -114.157    15.000
   55.690  -114.157    15.000
   55.690  -114.157    15.000
   55.798  -114.310    15.000
   55.798  -114.310    15.000
   55.798  -114.310    15.000
   55.798  -114.310    15.000
   55.798  -114.310    15.000
   55.630  -114.440    15.000
   55.630  -114.440    15.000
   55.630  -114.440    15.000
   55.630  -114.440    15.000
   55.630  -114.440    15.000
   42.690  -111.580    15.000
   42.690  -111.580    15.000
   42.690  -111.580    15.000
   42.690  -111.580    15.000
   42.690  -111.580    15.000
   55.650  -114.340    15.000
   55.650  -114.340    15.000
   55.650  -114.340    15.000
   55.650  -114.340    15.000
   55.650  -114.340    15.000
   55.740  -114.070    15.000
   55.740  -114.070    15.000
   55.740  -114.070    15.000
   55.740  -114.070    15.000
   55.740  -114.070    15.000
   55.940  -114.110    15.000
   55.940  -114.110    15.000
   55.940  -114.110    15.000
   55.940  -114.110    15.000
   55.940  -114.110    15.000
   56.270  -114.520    15.000
   56.270  -114.520    15.000
   56.270  -114.520    15.000
   56.270  -114.520    15.000
   56.270  -114.520    15.000
   56.100  -114.450    15.000
   56.100  -114.450    15.000
   56.100  -114.450    15.000
   56.100  -114.450    15.000
   56.100  -114.450    15.000
   55.690  -114.230    15.000
   55.690  -114.230    15.000
   55.690  -114.230    15.000
   55.690  -114.230    15.000
   55.690  -114.230    15.000
   56.380  -114.070    15.000
   56.380  -114.070    15.000
   56.380  -114.070    15.000
   56.380  -114.070    15.000
   56.380  -114.070    15.000
   56.280  -114.570    15.000
   56.280  -114.570    15.000
   56.280  -114.570    15.000
   56.280  -114.570    15.000
   56.280  -114.570    15.000
   55.000   -98.500    15.000
   55.000   -98.500    15.000
   55.000   -98.500    15.000
   55.000   -98.500    15.000
   55.000   -98.500    15.000
0024
0
  10000.0
1
./
ERA5-20190602-00-casestudy-31km.arl
1
PM25
0.001
    24.000
19 06 02 00 00
1
   55.000   -98.500
    0.100     0.100
   30.000    92.000
./
hysplit.con
1
10
19 06 02 00 00
19 06 03 00 00
0 1 0
1
1 1 1
0 0 0 0 0
0 0.0001 0.0005
0
0.0
