19 05 24 00
1420
   65.344  -154.611    15.000
   65.344  -154.611    15.000
   65.344  -154.611    15.000
   65.344  -154.611    15.000
   65.344  -154.611    15.000
   62.986  -141.036    15.000
   62.986  -141.036    15.000
   62.986  -141.036    15.000
   62.986  -141.036    15.000
   62.986  -141.036    15.000
   58.197  -120.505    15.000
   58.197  -120.505    15.000
   58.197  -120.505    15.000
   58.197  -120.505    15.000
   58.197  -120.505    15.000
   58.953  -127.381    15.000
   58.953  -127.381    15.000
   58.953  -127.381    15.000
   58.953  -127.381    15.000
   58.953  -127.381    15.000
   60.026  -134.520    15.000
   60.026  -134.520    15.000
   60.026  -134.520    15.000
   60.026  -134.520    15.000
   60.026  -134.520    15.000
   53.090   -99.818    15.000
   53.090   -99.818    15.000
   53.090   -99.818    15.000
   53.090   -99.818    15.000
   53.090   -99.818    15.000
   29.130  -103.520    15.000
   29.130  -103.520    15.000
   29.130  -103.520    15.000
   29.130  -103.520    15.000
   29.130  -103.520    15.000
   66.065  -134.754    15.000
   66.065  -134.754    15.000
   66.065  -134.754    15.000
   66.065  -134.754    15.000
   66.065  -134.754    15.000
   26.830   -82.231    15.000
   26.830   -82.231    15.000
   26.830   -82.231    15.000
   26.830   -82.231    15.000
   26.830   -82.231    15.000
   31.002   -84.602    15.000
   31.002   -84.602    15.000
   31.002   -84.602    15.000
   31.002   -84.602    15.000
   31.002   -84.602    15.000
   37.231   -82.041    15.000
   37.231   -82.041    15.000
   37.231   -82.041    15.000
   37.231   -82.041    15.000
   37.231   -82.041    15.000
   30.841   -90.417    15.000
   30.841   -90.417    15.000
   30.841   -90.417    15.000
   30.841   -90.417    15.000
   30.841   -90.417    15.000
   28.584   -98.494    15.000
   28.584   -98.494    15.000
   28.584   -98.494    15.000
   28.584   -98.494    15.000
   28.584   -98.494    15.000
   27.489  -107.415    15.000
   27.489  -107.415    15.000
   27.489  -107.415    15.000
   27.489  -107.415    15.000
   27.489  -107.415    15.000
   41.471   -90.833    15.000
   41.471   -90.833    15.000
   41.471   -90.833    15.000
   41.471   -90.833    15.000
   41.471   -90.833    15.000
   57.069  -118.062    15.000
   57.069  -118.062    15.000
   57.069  -118.062    15.000
   57.069  -118.062    15.000
   57.069  -118.062    15.000
   59.302  -112.196    15.000
   59.302  -112.196    15.000
   59.302  -112.196    15.000
   59.302  -112.196    15.000
   59.302  -112.196    15.000
   58.228  -117.429    15.000
   58.228  -117.429    15.000
   58.228  -117.429    15.000
   58.228  -117.429    15.000
   58.228  -117.429    15.000
   53.857  -101.356    15.000
   53.857  -101.356    15.000
   53.857  -101.356    15.000
   53.857  -101.356    15.000
   53.857  -101.356    15.000
   51.961   -99.631    15.000
   51.961   -99.631    15.000
   51.961   -99.631    15.000
   51.961   -99.631    15.000
   51.961   -99.631    15.000
   58.215  -117.374    15.000
   58.215  -117.374    15.000
   58.215  -117.374    15.000
   58.215  -117.374    15.000
   58.215  -117.374    15.000
   58.423  -117.662    15.000
   58.423  -117.662    15.000
   58.423  -117.662    15.000
   58.423  -117.662    15.000
   58.423  -117.662    15.000
   63.057  -139.197    15.000
   63.057  -139.197    15.000
   63.057  -139.197    15.000
   63.057  -139.197    15.000
   63.057  -139.197    15.000
   53.719  -101.443    15.000
   53.719  -101.443    15.000
   53.719  -101.443    15.000
   53.719  -101.443    15.000
   53.719  -101.443    15.000
   52.341  -101.012    15.000
   52.341  -101.012    15.000
   52.341  -101.012    15.000
   52.341  -101.012    15.000
   52.341  -101.012    15.000
   50.719  -100.654    15.000
   50.719  -100.654    15.000
   50.719  -100.654    15.000
   50.719  -100.654    15.000
   50.719  -100.654    15.000
   51.752   -98.486    15.000
   51.752   -98.486    15.000
   51.752   -98.486    15.000
   51.752   -98.486    15.000
   51.752   -98.486    15.000
   50.252  -100.363    15.000
   50.252  -100.363    15.000
   50.252  -100.363    15.000
   50.252  -100.363    15.000
   50.252  -100.363    15.000
   49.268   -99.975    15.000
   49.268   -99.975    15.000
   49.268   -99.975    15.000
   49.268   -99.975    15.000
   49.268   -99.975    15.000
   49.389   -98.524    15.000
   49.389   -98.524    15.000
   49.389   -98.524    15.000
   49.389   -98.524    15.000
   49.389   -98.524    15.000
   51.990  -104.987    15.000
   51.990  -104.987    15.000
   51.990  -104.987    15.000
   51.990  -104.987    15.000
   51.990  -104.987    15.000
   49.537  -101.111    15.000
   49.537  -101.111    15.000
   49.537  -101.111    15.000
   49.537  -101.111    15.000
   49.537  -101.111    15.000
   53.721  -101.381    15.000
   53.721  -101.381    15.000
   53.721  -101.381    15.000
   53.721  -101.381    15.000
   53.721  -101.381    15.000
   50.725  -101.149    15.000
   50.725  -101.149    15.000
   50.725  -101.149    15.000
   50.725  -101.149    15.000
   50.725  -101.149    15.000
   50.353  -100.709    15.000
   50.353  -100.709    15.000
   50.353  -100.709    15.000
   50.353  -100.709    15.000
   50.353  -100.709    15.000
   50.695  -100.843    15.000
   50.695  -100.843    15.000
   50.695  -100.843    15.000
   50.695  -100.843    15.000
   50.695  -100.843    15.000
   51.090  -100.952    15.000
   51.090  -100.952    15.000
   51.090  -100.952    15.000
   51.090  -100.952    15.000
   51.090  -100.952    15.000
   49.068  -122.574    15.000
   49.068  -122.574    15.000
   49.068  -122.574    15.000
   49.068  -122.574    15.000
   49.068  -122.574    15.000
   51.509  -105.316    15.000
   51.509  -105.316    15.000
   51.509  -105.316    15.000
   51.509  -105.316    15.000
   51.509  -105.316    15.000
   50.795  -105.585    15.000
   50.795  -105.585    15.000
   50.795  -105.585    15.000
   50.795  -105.585    15.000
   50.795  -105.585    15.000
   51.983  -101.954    15.000
   51.983  -101.954    15.000
   51.983  -101.954    15.000
   51.983  -101.954    15.000
   51.983  -101.954    15.000
   25.882  -107.594    15.000
   25.882  -107.594    15.000
   25.882  -107.594    15.000
   25.882  -107.594    15.000
   25.882  -107.594    15.000
   48.293   -99.335    15.000
   48.293   -99.335    15.000
   48.293   -99.335    15.000
   48.293   -99.335    15.000
   48.293   -99.335    15.000
   47.070  -120.846    15.000
   47.070  -120.846    15.000
   47.070  -120.846    15.000
   47.070  -120.846    15.000
   47.070  -120.846    15.000
   25.187  -107.938    15.000
   25.187  -107.938    15.000
   25.187  -107.938    15.000
   25.187  -107.938    15.000
   25.187  -107.938    15.000
   33.372   -86.204    15.000
   33.372   -86.204    15.000
   33.372   -86.204    15.000
   33.372   -86.204    15.000
   33.372   -86.204    15.000
   48.564  -101.273    15.000
   48.564  -101.273    15.000
   48.564  -101.273    15.000
   48.564  -101.273    15.000
   48.564  -101.273    15.000
   32.280   -86.815    15.000
   32.280   -86.815    15.000
   32.280   -86.815    15.000
   32.280   -86.815    15.000
   32.280   -86.815    15.000
   30.167   -92.659    15.000
   30.167   -92.659    15.000
   30.167   -92.659    15.000
   30.167   -92.659    15.000
   30.167   -92.659    15.000
   32.391   -81.838    15.000
   32.391   -81.838    15.000
   32.391   -81.838    15.000
   32.391   -81.838    15.000
   32.391   -81.838    15.000
   41.696   -85.875    15.000
   41.696   -85.875    15.000
   41.696   -85.875    15.000
   41.696   -85.875    15.000
   41.696   -85.875    15.000
   62.986  -141.073    15.000
   62.986  -141.073    15.000
   62.986  -141.073    15.000
   62.986  -141.073    15.000
   62.986  -141.073    15.000
   58.568  -117.901    15.000
   58.568  -117.901    15.000
   58.568  -117.901    15.000
   58.568  -117.901    15.000
   58.568  -117.901    15.000
   63.636  -137.899    15.000
   63.636  -137.899    15.000
   63.636  -137.899    15.000
   63.636  -137.899    15.000
   63.636  -137.899    15.000
   63.367  -141.546    15.000
   63.367  -141.546    15.000
   63.367  -141.546    15.000
   63.367  -141.546    15.000
   63.367  -141.546    15.000
   49.307  -100.425    15.000
   49.307  -100.425    15.000
   49.307  -100.425    15.000
   49.307  -100.425    15.000
   49.307  -100.425    15.000
   49.750   -99.626    15.000
   49.750   -99.626    15.000
   49.750   -99.626    15.000
   49.750   -99.626    15.000
   49.750   -99.626    15.000
   49.346  -100.344    15.000
   49.346  -100.344    15.000
   49.346  -100.344    15.000
   49.346  -100.344    15.000
   49.346  -100.344    15.000
   57.012  -117.867    15.000
   57.012  -117.867    15.000
   57.012  -117.867    15.000
   57.012  -117.867    15.000
   57.012  -117.867    15.000
   30.221   -93.312    15.000
   30.221   -93.312    15.000
   30.221   -93.312    15.000
   30.221   -93.312    15.000
   30.221   -93.312    15.000
   30.851   -86.103    15.000
   30.851   -86.103    15.000
   30.851   -86.103    15.000
   30.851   -86.103    15.000
   30.851   -86.103    15.000
   31.017   -91.680    15.000
   31.017   -91.680    15.000
   31.017   -91.680    15.000
   31.017   -91.680    15.000
   31.017   -91.680    15.000
   43.111   -70.725    15.000
   43.111   -70.725    15.000
   43.111   -70.725    15.000
   43.111   -70.725    15.000
   43.111   -70.725    15.000
   34.454   -82.686    15.000
   34.454   -82.686    15.000
   34.454   -82.686    15.000
   34.454   -82.686    15.000
   34.454   -82.686    15.000
   32.928   -85.954    15.000
   32.928   -85.954    15.000
   32.928   -85.954    15.000
   32.928   -85.954    15.000
   32.928   -85.954    15.000
   65.354  -154.622    15.000
   65.354  -154.622    15.000
   65.354  -154.622    15.000
   65.354  -154.622    15.000
   65.354  -154.622    15.000
   58.507  -117.266    15.000
   58.507  -117.266    15.000
   58.507  -117.266    15.000
   58.507  -117.266    15.000
   58.507  -117.266    15.000
   55.993  -114.588    15.000
   55.993  -114.588    15.000
   55.993  -114.588    15.000
   55.993  -114.588    15.000
   55.993  -114.588    15.000
   58.207  -120.493    15.000
   58.207  -120.493    15.000
   58.207  -120.493    15.000
   58.207  -120.493    15.000
   58.207  -120.493    15.000
   64.231  -134.736    15.000
   64.231  -134.736    15.000
   64.231  -134.736    15.000
   64.231  -134.736    15.000
   64.231  -134.736    15.000
   28.611   -82.564    15.000
   28.611   -82.564    15.000
   28.611   -82.564    15.000
   28.611   -82.564    15.000
   28.611   -82.564    15.000
   28.048   -81.424    15.000
   28.048   -81.424    15.000
   28.048   -81.424    15.000
   28.048   -81.424    15.000
   28.048   -81.424    15.000
   27.191   -81.108    15.000
   27.191   -81.108    15.000
   27.191   -81.108    15.000
   27.191   -81.108    15.000
   27.191   -81.108    15.000
   35.937   -89.716    15.000
   35.937   -89.716    15.000
   35.937   -89.716    15.000
   35.937   -89.716    15.000
   35.937   -89.716    15.000
   31.451   -84.994    15.000
   31.451   -84.994    15.000
   31.451   -84.994    15.000
   31.451   -84.994    15.000
   31.451   -84.994    15.000
   34.648   -92.542    15.000
   34.648   -92.542    15.000
   34.648   -92.542    15.000
   34.648   -92.542    15.000
   34.648   -92.542    15.000
   30.684   -84.059    15.000
   30.684   -84.059    15.000
   30.684   -84.059    15.000
   30.684   -84.059    15.000
   30.684   -84.059    15.000
   30.685   -85.326    15.000
   30.685   -85.326    15.000
   30.685   -85.326    15.000
   30.685   -85.326    15.000
   30.685   -85.326    15.000
   28.602   -82.283    15.000
   28.602   -82.283    15.000
   28.602   -82.283    15.000
   28.602   -82.283    15.000
   28.602   -82.283    15.000
   33.016   -79.888    15.000
   33.016   -79.888    15.000
   33.016   -79.888    15.000
   33.016   -79.888    15.000
   33.016   -79.888    15.000
   31.150   -87.982    15.000
   31.150   -87.982    15.000
   31.150   -87.982    15.000
   31.150   -87.982    15.000
   31.150   -87.982    15.000
   34.012   -81.957    15.000
   34.012   -81.957    15.000
   34.012   -81.957    15.000
   34.012   -81.957    15.000
   34.012   -81.957    15.000
   25.962  -107.051    15.000
   25.962  -107.051    15.000
   25.962  -107.051    15.000
   25.962  -107.051    15.000
   25.962  -107.051    15.000
   58.563  -117.521    15.000
   58.563  -117.521    15.000
   58.563  -117.521    15.000
   58.563  -117.521    15.000
   58.563  -117.521    15.000
   58.607  -117.750    15.000
   58.607  -117.750    15.000
   58.607  -117.750    15.000
   58.607  -117.750    15.000
   58.607  -117.750    15.000
   48.037  -102.865    15.000
   48.037  -102.865    15.000
   48.037  -102.865    15.000
   48.037  -102.865    15.000
   48.037  -102.865    15.000
   42.799   -91.949    15.000
   42.799   -91.949    15.000
   42.799   -91.949    15.000
   42.799   -91.949    15.000
   42.799   -91.949    15.000
   35.584  -119.225    15.000
   35.584  -119.225    15.000
   35.584  -119.225    15.000
   35.584  -119.225    15.000
   35.584  -119.225    15.000
   48.569  -102.181    15.000
   48.569  -102.181    15.000
   48.569  -102.181    15.000
   48.569  -102.181    15.000
   48.569  -102.181    15.000
   41.296   -75.754    15.000
   41.296   -75.754    15.000
   41.296   -75.754    15.000
   41.296   -75.754    15.000
   41.296   -75.754    15.000
   30.534   -85.036    15.000
   30.534   -85.036    15.000
   30.534   -85.036    15.000
   30.534   -85.036    15.000
   30.534   -85.036    15.000
   34.437   -84.919    15.000
   34.437   -84.919    15.000
   34.437   -84.919    15.000
   34.437   -84.919    15.000
   34.437   -84.919    15.000
   31.744   -89.869    15.000
   31.744   -89.869    15.000
   31.744   -89.869    15.000
   31.744   -89.869    15.000
   31.744   -89.869    15.000
   32.594   -87.682    15.000
   32.594   -87.682    15.000
   32.594   -87.682    15.000
   32.594   -87.682    15.000
   32.594   -87.682    15.000
   40.233   -90.065    15.000
   40.233   -90.065    15.000
   40.233   -90.065    15.000
   40.233   -90.065    15.000
   40.233   -90.065    15.000
   58.381  -117.659    15.000
   58.381  -117.659    15.000
   58.381  -117.659    15.000
   58.381  -117.659    15.000
   58.381  -117.659    15.000
   32.813   -83.555    15.000
   32.813   -83.555    15.000
   32.813   -83.555    15.000
   32.813   -83.555    15.000
   32.813   -83.555    15.000
   31.196   -84.124    15.000
   31.196   -84.124    15.000
   31.196   -84.124    15.000
   31.196   -84.124    15.000
   31.196   -84.124    15.000
   48.593  -118.198    15.000
   48.593  -118.198    15.000
   48.593  -118.198    15.000
   48.593  -118.198    15.000
   48.593  -118.198    15.000
   47.235  -114.004    15.000
   47.235  -114.004    15.000
   47.235  -114.004    15.000
   47.235  -114.004    15.000
   47.235  -114.004    15.000
   33.002  -110.768    15.000
   33.002  -110.768    15.000
   33.002  -110.768    15.000
   33.002  -110.768    15.000
   33.002  -110.768    15.000
   57.018  -117.919    15.000
   57.018  -117.919    15.000
   57.018  -117.919    15.000
   57.018  -117.919    15.000
   57.018  -117.919    15.000
   25.388  -107.240    15.000
   25.388  -107.240    15.000
   25.388  -107.240    15.000
   25.388  -107.240    15.000
   25.388  -107.240    15.000
   25.585  -107.422    15.000
   25.585  -107.422    15.000
   25.585  -107.422    15.000
   25.585  -107.422    15.000
   25.585  -107.422    15.000
   26.599  -107.559    15.000
   26.599  -107.559    15.000
   26.599  -107.559    15.000
   26.599  -107.559    15.000
   26.599  -107.559    15.000
   26.131  -107.895    15.000
   26.131  -107.895    15.000
   26.131  -107.895    15.000
   26.131  -107.895    15.000
   26.131  -107.895    15.000
   26.162  -107.879    15.000
   26.162  -107.879    15.000
   26.162  -107.879    15.000
   26.162  -107.879    15.000
   26.162  -107.879    15.000
   30.375  -107.625    15.000
   30.375  -107.625    15.000
   30.375  -107.625    15.000
   30.375  -107.625    15.000
   30.375  -107.625    15.000
   30.461  -106.423    15.000
   30.461  -106.423    15.000
   30.461  -106.423    15.000
   30.461  -106.423    15.000
   30.461  -106.423    15.000
   26.006  -105.213    15.000
   26.006  -105.213    15.000
   26.006  -105.213    15.000
   26.006  -105.213    15.000
   26.006  -105.213    15.000
   26.615  -107.091    15.000
   26.615  -107.091    15.000
   26.615  -107.091    15.000
   26.615  -107.091    15.000
   26.615  -107.091    15.000
   26.881  -101.414    15.000
   26.881  -101.414    15.000
   26.881  -101.414    15.000
   26.881  -101.414    15.000
   26.881  -101.414    15.000
   25.263  -106.611    15.000
   25.263  -106.611    15.000
   25.263  -106.611    15.000
   25.263  -106.611    15.000
   25.263  -106.611    15.000
   25.367  -107.257    15.000
   25.367  -107.257    15.000
   25.367  -107.257    15.000
   25.367  -107.257    15.000
   25.367  -107.257    15.000
   26.777  -107.541    15.000
   26.777  -107.541    15.000
   26.777  -107.541    15.000
   26.777  -107.541    15.000
   26.777  -107.541    15.000
   58.272  -117.523    15.000
   58.272  -117.523    15.000
   58.272  -117.523    15.000
   58.272  -117.523    15.000
   58.272  -117.523    15.000
   31.115   -86.769    15.000
   31.115   -86.769    15.000
   31.115   -86.769    15.000
   31.115   -86.769    15.000
   31.115   -86.769    15.000
   33.046   -92.161    15.000
   33.046   -92.161    15.000
   33.046   -92.161    15.000
   33.046   -92.161    15.000
   33.046   -92.161    15.000
   58.540  -117.395    15.000
   58.540  -117.395    15.000
   58.540  -117.395    15.000
   58.540  -117.395    15.000
   58.540  -117.395    15.000
   42.247  -123.065    15.000
   42.247  -123.065    15.000
   42.247  -123.065    15.000
   42.247  -123.065    15.000
   42.247  -123.065    15.000
   58.528  -117.752    15.000
   58.528  -117.752    15.000
   58.528  -117.752    15.000
   58.528  -117.752    15.000
   58.528  -117.752    15.000
   57.051  -118.114    15.000
   57.051  -118.114    15.000
   57.051  -118.114    15.000
   57.051  -118.114    15.000
   57.051  -118.114    15.000
   63.602  -141.637    15.000
   63.602  -141.637    15.000
   63.602  -141.637    15.000
   63.602  -141.637    15.000
   63.602  -141.637    15.000
   55.919  -114.503    15.000
   55.919  -114.503    15.000
   55.919  -114.503    15.000
   55.919  -114.503    15.000
   55.919  -114.503    15.000
   58.495  -117.615    15.000
   58.495  -117.615    15.000
   58.495  -117.615    15.000
   58.495  -117.615    15.000
   58.495  -117.615    15.000
   58.503  -117.273    15.000
   58.503  -117.273    15.000
   58.503  -117.273    15.000
   58.503  -117.273    15.000
   58.503  -117.273    15.000
   56.012  -114.688    15.000
   56.012  -114.688    15.000
   56.012  -114.688    15.000
   56.012  -114.688    15.000
   56.012  -114.688    15.000
   55.785  -114.382    15.000
   55.785  -114.382    15.000
   55.785  -114.382    15.000
   55.785  -114.382    15.000
   55.785  -114.382    15.000
   55.789  -114.625    15.000
   55.789  -114.625    15.000
   55.789  -114.625    15.000
   55.789  -114.625    15.000
   55.789  -114.625    15.000
   50.927   -99.103    15.000
   50.927   -99.103    15.000
   50.927   -99.103    15.000
   50.927   -99.103    15.000
   50.927   -99.103    15.000
   58.526  -117.336    15.000
   58.526  -117.336    15.000
   58.526  -117.336    15.000
   58.526  -117.336    15.000
   58.526  -117.336    15.000
   50.931  -103.472    15.000
   50.931  -103.472    15.000
   50.931  -103.472    15.000
   50.931  -103.472    15.000
   50.931  -103.472    15.000
   51.747   -98.572    15.000
   51.747   -98.572    15.000
   51.747   -98.572    15.000
   51.747   -98.572    15.000
   51.747   -98.572    15.000
   51.405   -99.158    15.000
   51.405   -99.158    15.000
   51.405   -99.158    15.000
   51.405   -99.158    15.000
   51.405   -99.158    15.000
   58.318  -117.575    15.000
   58.318  -117.575    15.000
   58.318  -117.575    15.000
   58.318  -117.575    15.000
   58.318  -117.575    15.000
   51.417   -99.235    15.000
   51.417   -99.235    15.000
   51.417   -99.235    15.000
   51.417   -99.235    15.000
   51.417   -99.235    15.000
   50.738   -99.243    15.000
   50.738   -99.243    15.000
   50.738   -99.243    15.000
   50.738   -99.243    15.000
   50.738   -99.243    15.000
   51.056   -99.075    15.000
   51.056   -99.075    15.000
   51.056   -99.075    15.000
   51.056   -99.075    15.000
   51.056   -99.075    15.000
   51.082   -99.078    15.000
   51.082   -99.078    15.000
   51.082   -99.078    15.000
   51.082   -99.078    15.000
   51.082   -99.078    15.000
   58.337  -117.592    15.000
   58.337  -117.592    15.000
   58.337  -117.592    15.000
   58.337  -117.592    15.000
   58.337  -117.592    15.000
   55.987  -114.697    15.000
   55.987  -114.697    15.000
   55.987  -114.697    15.000
   55.987  -114.697    15.000
   55.987  -114.697    15.000
   52.766  -102.432    15.000
   52.766  -102.432    15.000
   52.766  -102.432    15.000
   52.766  -102.432    15.000
   52.766  -102.432    15.000
   51.263  -104.287    15.000
   51.263  -104.287    15.000
   51.263  -104.287    15.000
   51.263  -104.287    15.000
   51.263  -104.287    15.000
   63.674  -135.433    15.000
   63.674  -135.433    15.000
   63.674  -135.433    15.000
   63.674  -135.433    15.000
   63.674  -135.433    15.000
   55.766  -114.595    15.000
   55.766  -114.595    15.000
   55.766  -114.595    15.000
   55.766  -114.595    15.000
   55.766  -114.595    15.000
   57.116  -117.858    15.000
   57.116  -117.858    15.000
   57.116  -117.858    15.000
   57.116  -117.858    15.000
   57.116  -117.858    15.000
   57.150  -117.884    15.000
   57.150  -117.884    15.000
   57.150  -117.884    15.000
   57.150  -117.884    15.000
   57.150  -117.884    15.000
   57.168  -118.072    15.000
   57.168  -118.072    15.000
   57.168  -118.072    15.000
   57.168  -118.072    15.000
   57.168  -118.072    15.000
   30.944   -88.014    15.000
   30.944   -88.014    15.000
   30.944   -88.014    15.000
   30.944   -88.014    15.000
   30.944   -88.014    15.000
   31.625  -103.868    15.000
   31.625  -103.868    15.000
   31.625  -103.868    15.000
   31.625  -103.868    15.000
   31.625  -103.868    15.000
   40.582   -75.715    15.000
   40.582   -75.715    15.000
   40.582   -75.715    15.000
   40.582   -75.715    15.000
   40.582   -75.715    15.000
   40.230   -76.743    15.000
   40.230   -76.743    15.000
   40.230   -76.743    15.000
   40.230   -76.743    15.000
   40.230   -76.743    15.000
   31.209   -87.584    15.000
   31.209   -87.584    15.000
   31.209   -87.584    15.000
   31.209   -87.584    15.000
   31.209   -87.584    15.000
   35.070   -79.641    15.000
   35.070   -79.641    15.000
   35.070   -79.641    15.000
   35.070   -79.641    15.000
   35.070   -79.641    15.000
   37.620   -77.007    15.000
   37.620   -77.007    15.000
   37.620   -77.007    15.000
   37.620   -77.007    15.000
   37.620   -77.007    15.000
   30.688   -82.030    15.000
   30.688   -82.030    15.000
   30.688   -82.030    15.000
   30.688   -82.030    15.000
   30.688   -82.030    15.000
   31.971   -85.965    15.000
   31.971   -85.965    15.000
   31.971   -85.965    15.000
   31.971   -85.965    15.000
   31.971   -85.965    15.000
   30.297   -82.866    15.000
   30.297   -82.866    15.000
   30.297   -82.866    15.000
   30.297   -82.866    15.000
   30.297   -82.866    15.000
   29.610   -82.496    15.000
   29.610   -82.496    15.000
   29.610   -82.496    15.000
   29.610   -82.496    15.000
   29.610   -82.496    15.000
   30.368   -83.578    15.000
   30.368   -83.578    15.000
   30.368   -83.578    15.000
   30.368   -83.578    15.000
   30.368   -83.578    15.000
   30.647   -85.604    15.000
   30.647   -85.604    15.000
   30.647   -85.604    15.000
   30.647   -85.604    15.000
   30.647   -85.604    15.000
   34.629   -86.061    15.000
   34.629   -86.061    15.000
   34.629   -86.061    15.000
   34.629   -86.061    15.000
   34.629   -86.061    15.000
   41.684   -85.698    15.000
   41.684   -85.698    15.000
   41.684   -85.698    15.000
   41.684   -85.698    15.000
   41.684   -85.698    15.000
   47.915  -117.896    15.000
   47.915  -117.896    15.000
   47.915  -117.896    15.000
   47.915  -117.896    15.000
   47.915  -117.896    15.000
   32.396   -92.855    15.000
   32.396   -92.855    15.000
   32.396   -92.855    15.000
   32.396   -92.855    15.000
   32.396   -92.855    15.000
   31.102   -98.418    15.000
   31.102   -98.418    15.000
   31.102   -98.418    15.000
   31.102   -98.418    15.000
   31.102   -98.418    15.000
   30.556   -81.631    15.000
   30.556   -81.631    15.000
   30.556   -81.631    15.000
   30.556   -81.631    15.000
   30.556   -81.631    15.000
   28.726   -82.427    15.000
   28.726   -82.427    15.000
   28.726   -82.427    15.000
   28.726   -82.427    15.000
   28.726   -82.427    15.000
   29.345   -83.109    15.000
   29.345   -83.109    15.000
   29.345   -83.109    15.000
   29.345   -83.109    15.000
   29.345   -83.109    15.000
   50.652   -98.150    15.000
   50.652   -98.150    15.000
   50.652   -98.150    15.000
   50.652   -98.150    15.000
   50.652   -98.150    15.000
   49.878   -98.572    15.000
   49.878   -98.572    15.000
   49.878   -98.572    15.000
   49.878   -98.572    15.000
   49.878   -98.572    15.000
   50.552  -102.494    15.000
   50.552  -102.494    15.000
   50.552  -102.494    15.000
   50.552  -102.494    15.000
   50.552  -102.494    15.000
   25.824  -109.325    15.000
   25.824  -109.325    15.000
   25.824  -109.325    15.000
   25.824  -109.325    15.000
   25.824  -109.325    15.000
   50.261  -105.478    15.000
   50.261  -105.478    15.000
   50.261  -105.478    15.000
   50.261  -105.478    15.000
   50.261  -105.478    15.000
   52.244  -103.696    15.000
   52.244  -103.696    15.000
   52.244  -103.696    15.000
   52.244  -103.696    15.000
   52.244  -103.696    15.000
   50.244  -100.446    15.000
   50.244  -100.446    15.000
   50.244  -100.446    15.000
   50.244  -100.446    15.000
   50.244  -100.446    15.000
   51.344  -100.387    15.000
   51.344  -100.387    15.000
   51.344  -100.387    15.000
   51.344  -100.387    15.000
   51.344  -100.387    15.000
   51.693  -105.541    15.000
   51.693  -105.541    15.000
   51.693  -105.541    15.000
   51.693  -105.541    15.000
   51.693  -105.541    15.000
   27.526  -108.694    15.000
   27.526  -108.694    15.000
   27.526  -108.694    15.000
   27.526  -108.694    15.000
   27.526  -108.694    15.000
   25.594  -107.819    15.000
   25.594  -107.819    15.000
   25.594  -107.819    15.000
   25.594  -107.819    15.000
   25.594  -107.819    15.000
   25.887  -107.355    15.000
   25.887  -107.355    15.000
   25.887  -107.355    15.000
   25.887  -107.355    15.000
   25.887  -107.355    15.000
   26.405  -106.667    15.000
   26.405  -106.667    15.000
   26.405  -106.667    15.000
   26.405  -106.667    15.000
   26.405  -106.667    15.000
   26.808  -107.611    15.000
   26.808  -107.611    15.000
   26.808  -107.611    15.000
   26.808  -107.611    15.000
   26.808  -107.611    15.000
   26.871  -106.889    15.000
   26.871  -106.889    15.000
   26.871  -106.889    15.000
   26.871  -106.889    15.000
   26.871  -106.889    15.000
   27.001  -108.025    15.000
   27.001  -108.025    15.000
   27.001  -108.025    15.000
   27.001  -108.025    15.000
   27.001  -108.025    15.000
   27.043  -108.037    15.000
   27.043  -108.037    15.000
   27.043  -108.037    15.000
   27.043  -108.037    15.000
   27.043  -108.037    15.000
   28.700  -109.635    15.000
   28.700  -109.635    15.000
   28.700  -109.635    15.000
   28.700  -109.635    15.000
   28.700  -109.635    15.000
   26.020  -107.081    15.000
   26.020  -107.081    15.000
   26.020  -107.081    15.000
   26.020  -107.081    15.000
   26.020  -107.081    15.000
   25.984  -108.295    15.000
   25.984  -108.295    15.000
   25.984  -108.295    15.000
   25.984  -108.295    15.000
   25.984  -108.295    15.000
   25.352  -107.539    15.000
   25.352  -107.539    15.000
   25.352  -107.539    15.000
   25.352  -107.539    15.000
   25.352  -107.539    15.000
   27.847   -82.527    15.000
   27.847   -82.527    15.000
   27.847   -82.527    15.000
   27.847   -82.527    15.000
   27.847   -82.527    15.000
   28.200  -109.202    15.000
   28.200  -109.202    15.000
   28.200  -109.202    15.000
   28.200  -109.202    15.000
   28.200  -109.202    15.000
   26.409  -106.947    15.000
   26.409  -106.947    15.000
   26.409  -106.947    15.000
   26.409  -106.947    15.000
   26.409  -106.947    15.000
   26.441  -107.165    15.000
   26.441  -107.165    15.000
   26.441  -107.165    15.000
   26.441  -107.165    15.000
   26.441  -107.165    15.000
   26.487  -107.337    15.000
   26.487  -107.337    15.000
   26.487  -107.337    15.000
   26.487  -107.337    15.000
   26.487  -107.337    15.000
   28.049  -107.590    15.000
   28.049  -107.590    15.000
   28.049  -107.590    15.000
   28.049  -107.590    15.000
   28.049  -107.590    15.000
   51.437  -101.487    15.000
   51.437  -101.487    15.000
   51.437  -101.487    15.000
   51.437  -101.487    15.000
   51.437  -101.487    15.000
   50.036   -97.251    15.000
   50.036   -97.251    15.000
   50.036   -97.251    15.000
   50.036   -97.251    15.000
   50.036   -97.251    15.000
   50.930  -102.245    15.000
   50.930  -102.245    15.000
   50.930  -102.245    15.000
   50.930  -102.245    15.000
   50.930  -102.245    15.000
   52.278  -104.284    15.000
   52.278  -104.284    15.000
   52.278  -104.284    15.000
   52.278  -104.284    15.000
   52.278  -104.284    15.000
   49.721  -103.065    15.000
   49.721  -103.065    15.000
   49.721  -103.065    15.000
   49.721  -103.065    15.000
   49.721  -103.065    15.000
   51.973  -102.304    15.000
   51.973  -102.304    15.000
   51.973  -102.304    15.000
   51.973  -102.304    15.000
   51.973  -102.304    15.000
   51.675  -102.187    15.000
   51.675  -102.187    15.000
   51.675  -102.187    15.000
   51.675  -102.187    15.000
   51.675  -102.187    15.000
   50.533   -98.628    15.000
   50.533   -98.628    15.000
   50.533   -98.628    15.000
   50.533   -98.628    15.000
   50.533   -98.628    15.000
   49.611   -98.285    15.000
   49.611   -98.285    15.000
   49.611   -98.285    15.000
   49.611   -98.285    15.000
   49.611   -98.285    15.000
   50.466  -100.703    15.000
   50.466  -100.703    15.000
   50.466  -100.703    15.000
   50.466  -100.703    15.000
   50.466  -100.703    15.000
   49.423  -101.407    15.000
   49.423  -101.407    15.000
   49.423  -101.407    15.000
   49.423  -101.407    15.000
   49.423  -101.407    15.000
   52.012  -101.925    15.000
   52.012  -101.925    15.000
   52.012  -101.925    15.000
   52.012  -101.925    15.000
   52.012  -101.925    15.000
   51.068  -102.291    15.000
   51.068  -102.291    15.000
   51.068  -102.291    15.000
   51.068  -102.291    15.000
   51.068  -102.291    15.000
   51.844  -103.230    15.000
   51.844  -103.230    15.000
   51.844  -103.230    15.000
   51.844  -103.230    15.000
   51.844  -103.230    15.000
   50.572  -100.455    15.000
   50.572  -100.455    15.000
   50.572  -100.455    15.000
   50.572  -100.455    15.000
   50.572  -100.455    15.000
   51.452  -101.451    15.000
   51.452  -101.451    15.000
   51.452  -101.451    15.000
   51.452  -101.451    15.000
   51.452  -101.451    15.000
   51.282  -100.257    15.000
   51.282  -100.257    15.000
   51.282  -100.257    15.000
   51.282  -100.257    15.000
   51.282  -100.257    15.000
   49.560   -99.156    15.000
   49.560   -99.156    15.000
   49.560   -99.156    15.000
   49.560   -99.156    15.000
   49.560   -99.156    15.000
   49.214   -99.650    15.000
   49.214   -99.650    15.000
   49.214   -99.650    15.000
   49.214   -99.650    15.000
   49.214   -99.650    15.000
   53.340  -103.145    15.000
   53.340  -103.145    15.000
   53.340  -103.145    15.000
   53.340  -103.145    15.000
   53.340  -103.145    15.000
   51.949  -103.663    15.000
   51.949  -103.663    15.000
   51.949  -103.663    15.000
   51.949  -103.663    15.000
   51.949  -103.663    15.000
   51.876  -103.155    15.000
   51.876  -103.155    15.000
   51.876  -103.155    15.000
   51.876  -103.155    15.000
   51.876  -103.155    15.000
   49.286  -101.389    15.000
   49.286  -101.389    15.000
   49.286  -101.389    15.000
   49.286  -101.389    15.000
   49.286  -101.389    15.000
   49.622  -102.824    15.000
   49.622  -102.824    15.000
   49.622  -102.824    15.000
   49.622  -102.824    15.000
   49.622  -102.824    15.000
   50.513  -103.844    15.000
   50.513  -103.844    15.000
   50.513  -103.844    15.000
   50.513  -103.844    15.000
   50.513  -103.844    15.000
   50.654  -103.086    15.000
   50.654  -103.086    15.000
   50.654  -103.086    15.000
   50.654  -103.086    15.000
   50.654  -103.086    15.000
   50.290  -103.433    15.000
   50.290  -103.433    15.000
   50.290  -103.433    15.000
   50.290  -103.433    15.000
   50.290  -103.433    15.000
   51.215  -103.810    15.000
   51.215  -103.810    15.000
   51.215  -103.810    15.000
   51.215  -103.810    15.000
   51.215  -103.810    15.000
   51.174  -104.111    15.000
   51.174  -104.111    15.000
   51.174  -104.111    15.000
   51.174  -104.111    15.000
   51.174  -104.111    15.000
   50.947  -104.280    15.000
   50.947  -104.280    15.000
   50.947  -104.280    15.000
   50.947  -104.280    15.000
   50.947  -104.280    15.000
   51.236  -103.450    15.000
   51.236  -103.450    15.000
   51.236  -103.450    15.000
   51.236  -103.450    15.000
   51.236  -103.450    15.000
   51.036  -103.568    15.000
   51.036  -103.568    15.000
   51.036  -103.568    15.000
   51.036  -103.568    15.000
   51.036  -103.568    15.000
   51.387  -104.015    15.000
   51.387  -104.015    15.000
   51.387  -104.015    15.000
   51.387  -104.015    15.000
   51.387  -104.015    15.000
   51.928  -102.038    15.000
   51.928  -102.038    15.000
   51.928  -102.038    15.000
   51.928  -102.038    15.000
   51.928  -102.038    15.000
   51.937  -102.121    15.000
   51.937  -102.121    15.000
   51.937  -102.121    15.000
   51.937  -102.121    15.000
   51.937  -102.121    15.000
   51.934  -102.901    15.000
   51.934  -102.901    15.000
   51.934  -102.901    15.000
   51.934  -102.901    15.000
   51.934  -102.901    15.000
   50.117  -102.544    15.000
   50.117  -102.544    15.000
   50.117  -102.544    15.000
   50.117  -102.544    15.000
   50.117  -102.544    15.000
   50.824  -102.273    15.000
   50.824  -102.273    15.000
   50.824  -102.273    15.000
   50.824  -102.273    15.000
   50.824  -102.273    15.000
   50.709  -102.702    15.000
   50.709  -102.702    15.000
   50.709  -102.702    15.000
   50.709  -102.702    15.000
   50.709  -102.702    15.000
   50.169  -102.179    15.000
   50.169  -102.179    15.000
   50.169  -102.179    15.000
   50.169  -102.179    15.000
   50.169  -102.179    15.000
   50.571  -102.442    15.000
   50.571  -102.442    15.000
   50.571  -102.442    15.000
   50.571  -102.442    15.000
   50.571  -102.442    15.000
   33.438   -88.570    15.000
   33.438   -88.570    15.000
   33.438   -88.570    15.000
   33.438   -88.570    15.000
   33.438   -88.570    15.000
   31.364  -101.776    15.000
   31.364  -101.776    15.000
   31.364  -101.776    15.000
   31.364  -101.776    15.000
   31.364  -101.776    15.000
   32.610  -103.306    15.000
   32.610  -103.306    15.000
   32.610  -103.306    15.000
   32.610  -103.306    15.000
   32.610  -103.306    15.000
   28.593   -82.465    15.000
   28.593   -82.465    15.000
   28.593   -82.465    15.000
   28.593   -82.465    15.000
   28.593   -82.465    15.000
   48.930  -101.392    15.000
   48.930  -101.392    15.000
   48.930  -101.392    15.000
   48.930  -101.392    15.000
   48.930  -101.392    15.000
   48.709   -98.815    15.000
   48.709   -98.815    15.000
   48.709   -98.815    15.000
   48.709   -98.815    15.000
   48.709   -98.815    15.000
   48.776   -99.502    15.000
   48.776   -99.502    15.000
   48.776   -99.502    15.000
   48.776   -99.502    15.000
   48.776   -99.502    15.000
   32.212  -101.931    15.000
   32.212  -101.931    15.000
   32.212  -101.931    15.000
   32.212  -101.931    15.000
   32.212  -101.931    15.000
   31.925   -99.396    15.000
   31.925   -99.396    15.000
   31.925   -99.396    15.000
   31.925   -99.396    15.000
   31.925   -99.396    15.000
   35.540   -84.333    15.000
   35.540   -84.333    15.000
   35.540   -84.333    15.000
   35.540   -84.333    15.000
   35.540   -84.333    15.000
   31.087   -84.502    15.000
   31.087   -84.502    15.000
   31.087   -84.502    15.000
   31.087   -84.502    15.000
   31.087   -84.502    15.000
   30.764   -84.154    15.000
   30.764   -84.154    15.000
   30.764   -84.154    15.000
   30.764   -84.154    15.000
   30.764   -84.154    15.000
   30.343   -83.037    15.000
   30.343   -83.037    15.000
   30.343   -83.037    15.000
   30.343   -83.037    15.000
   30.343   -83.037    15.000
   30.350   -82.408    15.000
   30.350   -82.408    15.000
   30.350   -82.408    15.000
   30.350   -82.408    15.000
   30.350   -82.408    15.000
   29.733   -81.812    15.000
   29.733   -81.812    15.000
   29.733   -81.812    15.000
   29.733   -81.812    15.000
   29.733   -81.812    15.000
   26.860   -81.413    15.000
   26.860   -81.413    15.000
   26.860   -81.413    15.000
   26.860   -81.413    15.000
   26.860   -81.413    15.000
   30.571   -87.201    15.000
   30.571   -87.201    15.000
   30.571   -87.201    15.000
   30.571   -87.201    15.000
   30.571   -87.201    15.000
   36.086   -97.259    15.000
   36.086   -97.259    15.000
   36.086   -97.259    15.000
   36.086   -97.259    15.000
   36.086   -97.259    15.000
   32.644  -114.530    15.000
   32.644  -114.530    15.000
   32.644  -114.530    15.000
   32.644  -114.530    15.000
   32.644  -114.530    15.000
   32.152   -98.042    15.000
   32.152   -98.042    15.000
   32.152   -98.042    15.000
   32.152   -98.042    15.000
   32.152   -98.042    15.000
   40.103  -122.197    15.000
   40.103  -122.197    15.000
   40.103  -122.197    15.000
   40.103  -122.197    15.000
   40.103  -122.197    15.000
   45.906  -118.864    15.000
   45.906  -118.864    15.000
   45.906  -118.864    15.000
   45.906  -118.864    15.000
   45.906  -118.864    15.000
   26.770  -107.540    15.000
   26.770  -107.540    15.000
   26.770  -107.540    15.000
   26.770  -107.540    15.000
   26.770  -107.540    15.000
   35.620  -119.650    15.000
   35.620  -119.650    15.000
   35.620  -119.650    15.000
   35.620  -119.650    15.000
   35.620  -119.650    15.000
   27.495  -107.400    15.000
   27.495  -107.400    15.000
   27.495  -107.400    15.000
   27.495  -107.400    15.000
   27.495  -107.400    15.000
   58.620  -117.910    15.000
   58.620  -117.910    15.000
   58.620  -117.910    15.000
   58.620  -117.910    15.000
   58.620  -117.910    15.000
   58.414  -117.655    15.000
   58.414  -117.655    15.000
   58.414  -117.655    15.000
   58.414  -117.655    15.000
   58.414  -117.655    15.000
   58.555  -117.510    15.000
   58.555  -117.510    15.000
   58.555  -117.510    15.000
   58.555  -117.510    15.000
   58.555  -117.510    15.000
   58.634  -117.875    15.000
   58.634  -117.875    15.000
   58.634  -117.875    15.000
   58.634  -117.875    15.000
   58.634  -117.875    15.000
   58.235  -117.305    15.000
   58.235  -117.305    15.000
   58.235  -117.305    15.000
   58.235  -117.305    15.000
   58.235  -117.305    15.000
   57.060  -118.045    15.000
   57.060  -118.045    15.000
   57.060  -118.045    15.000
   57.060  -118.045    15.000
   57.060  -118.045    15.000
   57.140  -117.970    15.000
   57.140  -117.970    15.000
   57.140  -117.970    15.000
   57.140  -117.970    15.000
   57.140  -117.970    15.000
   57.130  -118.110    15.000
   57.130  -118.110    15.000
   57.130  -118.110    15.000
   57.130  -118.110    15.000
   57.130  -118.110    15.000
   58.605  -117.795    15.000
   58.605  -117.795    15.000
   58.605  -117.795    15.000
   58.605  -117.795    15.000
   58.605  -117.795    15.000
   58.390  -117.610    15.000
   58.390  -117.610    15.000
   58.390  -117.610    15.000
   58.390  -117.610    15.000
   58.390  -117.610    15.000
   57.126  -117.866    15.000
   57.126  -117.866    15.000
   57.126  -117.866    15.000
   57.126  -117.866    15.000
   57.126  -117.866    15.000
   58.609  -117.705    15.000
   58.609  -117.705    15.000
   58.609  -117.705    15.000
   58.609  -117.705    15.000
   58.609  -117.705    15.000
   50.555  -102.500    15.000
   50.555  -102.500    15.000
   50.555  -102.500    15.000
   50.555  -102.500    15.000
   50.555  -102.500    15.000
   50.810  -102.920    15.000
   50.810  -102.920    15.000
   50.810  -102.920    15.000
   50.810  -102.920    15.000
   50.810  -102.920    15.000
   41.134   -80.687    15.000
   41.134   -80.687    15.000
   41.134   -80.687    15.000
   41.134   -80.687    15.000
   41.134   -80.687    15.000
   58.330  -117.580    15.000
   58.330  -117.580    15.000
   58.330  -117.580    15.000
   58.330  -117.580    15.000
   58.330  -117.580    15.000
   58.490  -117.240    15.000
   58.490  -117.240    15.000
   58.490  -117.240    15.000
   58.490  -117.240    15.000
   58.490  -117.240    15.000
   58.590  -117.830    15.000
   58.590  -117.830    15.000
   58.590  -117.830    15.000
   58.590  -117.830    15.000
   58.590  -117.830    15.000
   58.220  -117.340    15.000
   58.220  -117.340    15.000
   58.220  -117.340    15.000
   58.220  -117.340    15.000
   58.220  -117.340    15.000
   58.520  -117.290    15.000
   58.520  -117.290    15.000
   58.520  -117.290    15.000
   58.520  -117.290    15.000
   58.520  -117.290    15.000
   57.110  -118.010    15.000
   57.110  -118.010    15.000
   57.110  -118.010    15.000
   57.110  -118.010    15.000
   57.110  -118.010    15.000
   55.000   -98.500    15.000
   55.000   -98.500    15.000
   55.000   -98.500    15.000
   55.000   -98.500    15.000
   55.000   -98.500    15.000
0024
0
  10000.0
1
./
ERA5-20190524-00-casestudy-31km.arl
1
PM25
0.001
    24.000
19 05 24 00 00
1
   55.000   -98.500
    0.100     0.100
   30.000    92.000
./
hysplit.con
1
10
19 05 24 00 00
19 05 25 00 00
0 1 0
1
1 1 1
0 0 0 0 0
0 0.0001 0.0005
0
0.0
