19 05 20 00
1025
   64.017  -146.133    15.000
   64.017  -146.133    15.000
   64.017  -146.133    15.000
   64.017  -146.133    15.000
   64.017  -146.133    15.000
   55.772  -114.463    15.000
   55.772  -114.463    15.000
   55.772  -114.463    15.000
   55.772  -114.463    15.000
   55.772  -114.463    15.000
   57.093  -117.932    15.000
   57.093  -117.932    15.000
   57.093  -117.932    15.000
   57.093  -117.932    15.000
   57.093  -117.932    15.000
   58.424  -117.469    15.000
   58.424  -117.469    15.000
   58.424  -117.469    15.000
   58.424  -117.469    15.000
   58.424  -117.469    15.000
   58.494  -117.581    15.000
   58.494  -117.581    15.000
   58.494  -117.581    15.000
   58.494  -117.581    15.000
   58.494  -117.581    15.000
   59.158  -113.926    15.000
   59.158  -113.926    15.000
   59.158  -113.926    15.000
   59.158  -113.926    15.000
   59.158  -113.926    15.000
   58.318  -117.308    15.000
   58.318  -117.308    15.000
   58.318  -117.308    15.000
   58.318  -117.308    15.000
   58.318  -117.308    15.000
   58.360  -117.340    15.000
   58.360  -117.340    15.000
   58.360  -117.340    15.000
   58.360  -117.340    15.000
   58.360  -117.340    15.000
   58.281  -117.361    15.000
   58.281  -117.361    15.000
   58.281  -117.361    15.000
   58.281  -117.361    15.000
   58.281  -117.361    15.000
   57.136  -117.916    15.000
   57.136  -117.916    15.000
   57.136  -117.916    15.000
   57.136  -117.916    15.000
   57.136  -117.916    15.000
   58.393  -117.427    15.000
   58.393  -117.427    15.000
   58.393  -117.427    15.000
   58.393  -117.427    15.000
   58.393  -117.427    15.000
   58.392  -117.545    15.000
   58.392  -117.545    15.000
   58.392  -117.545    15.000
   58.392  -117.545    15.000
   58.392  -117.545    15.000
   58.400  -117.600    15.000
   58.400  -117.600    15.000
   58.400  -117.600    15.000
   58.400  -117.600    15.000
   58.400  -117.600    15.000
   58.317  -117.250    15.000
   58.317  -117.250    15.000
   58.317  -117.250    15.000
   58.317  -117.250    15.000
   58.317  -117.250    15.000
   58.441  -117.646    15.000
   58.441  -117.646    15.000
   58.441  -117.646    15.000
   58.441  -117.646    15.000
   58.441  -117.646    15.000
   58.477  -117.668    15.000
   58.477  -117.668    15.000
   58.477  -117.668    15.000
   58.477  -117.668    15.000
   58.477  -117.668    15.000
   58.466  -117.544    15.000
   58.466  -117.544    15.000
   58.466  -117.544    15.000
   58.466  -117.544    15.000
   58.466  -117.544    15.000
   58.450  -117.603    15.000
   58.450  -117.603    15.000
   58.450  -117.603    15.000
   58.450  -117.603    15.000
   58.450  -117.603    15.000
   57.032  -117.857    15.000
   57.032  -117.857    15.000
   57.032  -117.857    15.000
   57.032  -117.857    15.000
   57.032  -117.857    15.000
   58.340  -117.330    15.000
   58.340  -117.330    15.000
   58.340  -117.330    15.000
   58.340  -117.330    15.000
   58.340  -117.330    15.000
   55.665  -114.560    15.000
   55.665  -114.560    15.000
   55.665  -114.560    15.000
   55.665  -114.560    15.000
   55.665  -114.560    15.000
   55.745  -114.390    15.000
   55.745  -114.390    15.000
   55.745  -114.390    15.000
   55.745  -114.390    15.000
   55.745  -114.390    15.000
   58.541  -117.603    15.000
   58.541  -117.603    15.000
   58.541  -117.603    15.000
   58.541  -117.603    15.000
   58.541  -117.603    15.000
   58.312  -117.416    15.000
   58.312  -117.416    15.000
   58.312  -117.416    15.000
   58.312  -117.416    15.000
   58.312  -117.416    15.000
   58.348  -117.544    15.000
   58.348  -117.544    15.000
   58.348  -117.544    15.000
   58.348  -117.544    15.000
   58.348  -117.544    15.000
   57.231  -110.848    15.000
   57.231  -110.848    15.000
   57.231  -110.848    15.000
   57.231  -110.848    15.000
   57.231  -110.848    15.000
   35.044   -79.185    15.000
   35.044   -79.185    15.000
   35.044   -79.185    15.000
   35.044   -79.185    15.000
   35.044   -79.185    15.000
   30.483   -86.846    15.000
   30.483   -86.846    15.000
   30.483   -86.846    15.000
   30.483   -86.846    15.000
   30.483   -86.846    15.000
   53.756  -101.330    15.000
   53.756  -101.330    15.000
   53.756  -101.330    15.000
   53.756  -101.330    15.000
   53.756  -101.330    15.000
   57.282  -111.391    15.000
   57.282  -111.391    15.000
   57.282  -111.391    15.000
   57.282  -111.391    15.000
   57.282  -111.391    15.000
   49.659  -103.492    15.000
   49.659  -103.492    15.000
   49.659  -103.492    15.000
   49.659  -103.492    15.000
   49.659  -103.492    15.000
   51.127  -105.647    15.000
   51.127  -105.647    15.000
   51.127  -105.647    15.000
   51.127  -105.647    15.000
   51.127  -105.647    15.000
   50.720  -127.501    15.000
   50.720  -127.501    15.000
   50.720  -127.501    15.000
   50.720  -127.501    15.000
   50.720  -127.501    15.000
   54.022  -128.685    15.000
   54.022  -128.685    15.000
   54.022  -128.685    15.000
   54.022  -128.685    15.000
   54.022  -128.685    15.000
   48.686   -97.337    15.000
   48.686   -97.337    15.000
   48.686   -97.337    15.000
   48.686   -97.337    15.000
   48.686   -97.337    15.000
   48.935  -102.433    15.000
   48.935  -102.433    15.000
   48.935  -102.433    15.000
   48.935  -102.433    15.000
   48.935  -102.433    15.000
   30.351   -99.918    15.000
   30.351   -99.918    15.000
   30.351   -99.918    15.000
   30.351   -99.918    15.000
   30.351   -99.918    15.000
   32.624   -85.373    15.000
   32.624   -85.373    15.000
   32.624   -85.373    15.000
   32.624   -85.373    15.000
   32.624   -85.373    15.000
   32.553   -85.516    15.000
   32.553   -85.516    15.000
   32.553   -85.516    15.000
   32.553   -85.516    15.000
   32.553   -85.516    15.000
   48.930  -100.290    15.000
   48.930  -100.290    15.000
   48.930  -100.290    15.000
   48.930  -100.290    15.000
   48.930  -100.290    15.000
   36.360   -76.803    15.000
   36.360   -76.803    15.000
   36.360   -76.803    15.000
   36.360   -76.803    15.000
   36.360   -76.803    15.000
   32.364  -103.842    15.000
   32.364  -103.842    15.000
   32.364  -103.842    15.000
   32.364  -103.842    15.000
   32.364  -103.842    15.000
   40.895   -77.707    15.000
   40.895   -77.707    15.000
   40.895   -77.707    15.000
   40.895   -77.707    15.000
   40.895   -77.707    15.000
   32.043   -81.382    15.000
   32.043   -81.382    15.000
   32.043   -81.382    15.000
   32.043   -81.382    15.000
   32.043   -81.382    15.000
   25.233  -107.561    15.000
   25.233  -107.561    15.000
   25.233  -107.561    15.000
   25.233  -107.561    15.000
   25.233  -107.561    15.000
   25.411  -107.382    15.000
   25.411  -107.382    15.000
   25.411  -107.382    15.000
   25.411  -107.382    15.000
   25.411  -107.382    15.000
   25.339  -107.436    15.000
   25.339  -107.436    15.000
   25.339  -107.436    15.000
   25.339  -107.436    15.000
   25.339  -107.436    15.000
   25.355  -107.550    15.000
   25.355  -107.550    15.000
   25.355  -107.550    15.000
   25.355  -107.550    15.000
   25.355  -107.550    15.000
   26.604  -107.563    15.000
   26.604  -107.563    15.000
   26.604  -107.563    15.000
   26.604  -107.563    15.000
   26.604  -107.563    15.000
   26.265  -109.208    15.000
   26.265  -109.208    15.000
   26.265  -109.208    15.000
   26.265  -109.208    15.000
   26.265  -109.208    15.000
   55.678  -114.548    15.000
   55.678  -114.548    15.000
   55.678  -114.548    15.000
   55.678  -114.548    15.000
   55.678  -114.548    15.000
   52.690  -105.851    15.000
   52.690  -105.851    15.000
   52.690  -105.851    15.000
   52.690  -105.851    15.000
   52.690  -105.851    15.000
   53.385  -106.393    15.000
   53.385  -106.393    15.000
   53.385  -106.393    15.000
   53.385  -106.393    15.000
   53.385  -106.393    15.000
   50.764  -102.852    15.000
   50.764  -102.852    15.000
   50.764  -102.852    15.000
   50.764  -102.852    15.000
   50.764  -102.852    15.000
   50.944  -103.586    15.000
   50.944  -103.586    15.000
   50.944  -103.586    15.000
   50.944  -103.586    15.000
   50.944  -103.586    15.000
   51.634  -103.303    15.000
   51.634  -103.303    15.000
   51.634  -103.303    15.000
   51.634  -103.303    15.000
   51.634  -103.303    15.000
   49.800   -98.225    15.000
   49.800   -98.225    15.000
   49.800   -98.225    15.000
   49.800   -98.225    15.000
   49.800   -98.225    15.000
   53.695  -101.297    15.000
   53.695  -101.297    15.000
   53.695  -101.297    15.000
   53.695  -101.297    15.000
   53.695  -101.297    15.000
   51.034   -97.055    15.000
   51.034   -97.055    15.000
   51.034   -97.055    15.000
   51.034   -97.055    15.000
   51.034   -97.055    15.000
   49.457   -98.638    15.000
   49.457   -98.638    15.000
   49.457   -98.638    15.000
   49.457   -98.638    15.000
   49.457   -98.638    15.000
   50.466  -102.128    15.000
   50.466  -102.128    15.000
   50.466  -102.128    15.000
   50.466  -102.128    15.000
   50.466  -102.128    15.000
   50.874  -104.382    15.000
   50.874  -104.382    15.000
   50.874  -104.382    15.000
   50.874  -104.382    15.000
   50.874  -104.382    15.000
   53.746  -101.389    15.000
   53.746  -101.389    15.000
   53.746  -101.389    15.000
   53.746  -101.389    15.000
   53.746  -101.389    15.000
   50.252  -100.388    15.000
   50.252  -100.388    15.000
   50.252  -100.388    15.000
   50.252  -100.388    15.000
   50.252  -100.388    15.000
   50.555  -100.697    15.000
   50.555  -100.697    15.000
   50.555  -100.697    15.000
   50.555  -100.697    15.000
   50.555  -100.697    15.000
   51.982  -105.064    15.000
   51.982  -105.064    15.000
   51.982  -105.064    15.000
   51.982  -105.064    15.000
   51.982  -105.064    15.000
   35.589   -76.120    15.000
   35.589   -76.120    15.000
   35.589   -76.120    15.000
   35.589   -76.120    15.000
   35.589   -76.120    15.000
   34.038   -84.083    15.000
   34.038   -84.083    15.000
   34.038   -84.083    15.000
   34.038   -84.083    15.000
   34.038   -84.083    15.000
   33.938   -83.480    15.000
   33.938   -83.480    15.000
   33.938   -83.480    15.000
   33.938   -83.480    15.000
   33.938   -83.480    15.000
   32.163   -83.564    15.000
   32.163   -83.564    15.000
   32.163   -83.564    15.000
   32.163   -83.564    15.000
   32.163   -83.564    15.000
   25.154  -107.356    15.000
   25.154  -107.356    15.000
   25.154  -107.356    15.000
   25.154  -107.356    15.000
   25.154  -107.356    15.000
   32.371   -84.150    15.000
   32.371   -84.150    15.000
   32.371   -84.150    15.000
   32.371   -84.150    15.000
   32.371   -84.150    15.000
   48.642   -97.020    15.000
   48.642   -97.020    15.000
   48.642   -97.020    15.000
   48.642   -97.020    15.000
   48.642   -97.020    15.000
   34.815   -78.543    15.000
   34.815   -78.543    15.000
   34.815   -78.543    15.000
   34.815   -78.543    15.000
   34.815   -78.543    15.000
   35.630   -76.106    15.000
   35.630   -76.106    15.000
   35.630   -76.106    15.000
   35.630   -76.106    15.000
   35.630   -76.106    15.000
   36.184   -98.042    15.000
   36.184   -98.042    15.000
   36.184   -98.042    15.000
   36.184   -98.042    15.000
   36.184   -98.042    15.000
   41.156   -77.353    15.000
   41.156   -77.353    15.000
   41.156   -77.353    15.000
   41.156   -77.353    15.000
   41.156   -77.353    15.000
   41.596   -76.020    15.000
   41.596   -76.020    15.000
   41.596   -76.020    15.000
   41.596   -76.020    15.000
   41.596   -76.020    15.000
   32.000   -98.095    15.000
   32.000   -98.095    15.000
   32.000   -98.095    15.000
   32.000   -98.095    15.000
   32.000   -98.095    15.000
   48.190   -99.006    15.000
   48.190   -99.006    15.000
   48.190   -99.006    15.000
   48.190   -99.006    15.000
   48.190   -99.006    15.000
   48.308   -98.546    15.000
   48.308   -98.546    15.000
   48.308   -98.546    15.000
   48.308   -98.546    15.000
   48.308   -98.546    15.000
   32.560   -83.878    15.000
   32.560   -83.878    15.000
   32.560   -83.878    15.000
   32.560   -83.878    15.000
   32.560   -83.878    15.000
   33.031   -84.959    15.000
   33.031   -84.959    15.000
   33.031   -84.959    15.000
   33.031   -84.959    15.000
   33.031   -84.959    15.000
   33.557   -84.544    15.000
   33.557   -84.544    15.000
   33.557   -84.544    15.000
   33.557   -84.544    15.000
   33.557   -84.544    15.000
   31.088   -83.973    15.000
   31.088   -83.973    15.000
   31.088   -83.973    15.000
   31.088   -83.973    15.000
   31.088   -83.973    15.000
   37.235   -82.039    15.000
   37.235   -82.039    15.000
   37.235   -82.039    15.000
   37.235   -82.039    15.000
   37.235   -82.039    15.000
   30.361   -82.409    15.000
   30.361   -82.409    15.000
   30.361   -82.409    15.000
   30.361   -82.409    15.000
   30.361   -82.409    15.000
   49.743   -99.525    15.000
   49.743   -99.525    15.000
   49.743   -99.525    15.000
   49.743   -99.525    15.000
   49.743   -99.525    15.000
   48.553   -98.147    15.000
   48.553   -98.147    15.000
   48.553   -98.147    15.000
   48.553   -98.147    15.000
   48.553   -98.147    15.000
   50.754  -104.177    15.000
   50.754  -104.177    15.000
   50.754  -104.177    15.000
   50.754  -104.177    15.000
   50.754  -104.177    15.000
   53.719  -101.560    15.000
   53.719  -101.560    15.000
   53.719  -101.560    15.000
   53.719  -101.560    15.000
   53.719  -101.560    15.000
   37.204   -76.592    15.000
   37.204   -76.592    15.000
   37.204   -76.592    15.000
   37.204   -76.592    15.000
   37.204   -76.592    15.000
   32.033   -81.444    15.000
   32.033   -81.444    15.000
   32.033   -81.444    15.000
   32.033   -81.444    15.000
   32.033   -81.444    15.000
   54.043  -105.991    15.000
   54.043  -105.991    15.000
   54.043  -105.991    15.000
   54.043  -105.991    15.000
   54.043  -105.991    15.000
   58.990  -127.386    15.000
   58.990  -127.386    15.000
   58.990  -127.386    15.000
   58.990  -127.386    15.000
   58.990  -127.386    15.000
   35.595   -76.149    15.000
   35.595   -76.149    15.000
   35.595   -76.149    15.000
   35.595   -76.149    15.000
   35.595   -76.149    15.000
   41.123   -77.455    15.000
   41.123   -77.455    15.000
   41.123   -77.455    15.000
   41.123   -77.455    15.000
   41.123   -77.455    15.000
   25.461  -107.479    15.000
   25.461  -107.479    15.000
   25.461  -107.479    15.000
   25.461  -107.479    15.000
   25.461  -107.479    15.000
   26.055  -102.717    15.000
   26.055  -102.717    15.000
   26.055  -102.717    15.000
   26.055  -102.717    15.000
   26.055  -102.717    15.000
   26.147  -102.750    15.000
   26.147  -102.750    15.000
   26.147  -102.750    15.000
   26.147  -102.750    15.000
   26.147  -102.750    15.000
   26.881  -101.412    15.000
   26.881  -101.412    15.000
   26.881  -101.412    15.000
   26.881  -101.412    15.000
   26.881  -101.412    15.000
   26.888  -101.448    15.000
   26.888  -101.448    15.000
   26.888  -101.448    15.000
   26.888  -101.448    15.000
   26.888  -101.448    15.000
   25.714  -107.716    15.000
   25.714  -107.716    15.000
   25.714  -107.716    15.000
   25.714  -107.716    15.000
   25.714  -107.716    15.000
   26.629  -107.552    15.000
   26.629  -107.552    15.000
   26.629  -107.552    15.000
   26.629  -107.552    15.000
   26.629  -107.552    15.000
   25.928  -107.891    15.000
   25.928  -107.891    15.000
   25.928  -107.891    15.000
   25.928  -107.891    15.000
   25.928  -107.891    15.000
   33.300   -83.376    15.000
   33.300   -83.376    15.000
   33.300   -83.376    15.000
   33.300   -83.376    15.000
   33.300   -83.376    15.000
   53.939  -102.269    15.000
   53.939  -102.269    15.000
   53.939  -102.269    15.000
   53.939  -102.269    15.000
   53.939  -102.269    15.000
   56.548  -109.407    15.000
   56.548  -109.407    15.000
   56.548  -109.407    15.000
   56.548  -109.407    15.000
   56.548  -109.407    15.000
   28.822   -82.518    15.000
   28.822   -82.518    15.000
   28.822   -82.518    15.000
   28.822   -82.518    15.000
   28.822   -82.518    15.000
   50.668   -97.055    15.000
   50.668   -97.055    15.000
   50.668   -97.055    15.000
   50.668   -97.055    15.000
   50.668   -97.055    15.000
   51.989  -102.081    15.000
   51.989  -102.081    15.000
   51.989  -102.081    15.000
   51.989  -102.081    15.000
   51.989  -102.081    15.000
   30.798   -83.276    15.000
   30.798   -83.276    15.000
   30.798   -83.276    15.000
   30.798   -83.276    15.000
   30.798   -83.276    15.000
   33.384   -84.329    15.000
   33.384   -84.329    15.000
   33.384   -84.329    15.000
   33.384   -84.329    15.000
   33.384   -84.329    15.000
   33.566   -85.068    15.000
   33.566   -85.068    15.000
   33.566   -85.068    15.000
   33.566   -85.068    15.000
   33.566   -85.068    15.000
   33.683   -84.353    15.000
   33.683   -84.353    15.000
   33.683   -84.353    15.000
   33.683   -84.353    15.000
   33.683   -84.353    15.000
   33.687   -84.317    15.000
   33.687   -84.317    15.000
   33.687   -84.317    15.000
   33.687   -84.317    15.000
   33.687   -84.317    15.000
   31.056   -82.258    15.000
   31.056   -82.258    15.000
   31.056   -82.258    15.000
   31.056   -82.258    15.000
   31.056   -82.258    15.000
   33.651   -83.695    15.000
   33.651   -83.695    15.000
   33.651   -83.695    15.000
   33.651   -83.695    15.000
   33.651   -83.695    15.000
   34.672   -84.775    15.000
   34.672   -84.775    15.000
   34.672   -84.775    15.000
   34.672   -84.775    15.000
   34.672   -84.775    15.000
   33.848   -82.135    15.000
   33.848   -82.135    15.000
   33.848   -82.135    15.000
   33.848   -82.135    15.000
   33.848   -82.135    15.000
   35.147   -79.107    15.000
   35.147   -79.107    15.000
   35.147   -79.107    15.000
   35.147   -79.107    15.000
   35.147   -79.107    15.000
   36.019   -78.042    15.000
   36.019   -78.042    15.000
   36.019   -78.042    15.000
   36.019   -78.042    15.000
   36.019   -78.042    15.000
   37.091   -77.428    15.000
   37.091   -77.428    15.000
   37.091   -77.428    15.000
   37.091   -77.428    15.000
   37.091   -77.428    15.000
   32.551   -83.826    15.000
   32.551   -83.826    15.000
   32.551   -83.826    15.000
   32.551   -83.826    15.000
   32.551   -83.826    15.000
   34.747   -78.970    15.000
   34.747   -78.970    15.000
   34.747   -78.970    15.000
   34.747   -78.970    15.000
   34.747   -78.970    15.000
   51.527  -103.641    15.000
   51.527  -103.641    15.000
   51.527  -103.641    15.000
   51.527  -103.641    15.000
   51.527  -103.641    15.000
   40.229   -76.747    15.000
   40.229   -76.747    15.000
   40.229   -76.747    15.000
   40.229   -76.747    15.000
   40.229   -76.747    15.000
   30.579   -83.739    15.000
   30.579   -83.739    15.000
   30.579   -83.739    15.000
   30.579   -83.739    15.000
   30.579   -83.739    15.000
   34.446   -81.894    15.000
   34.446   -81.894    15.000
   34.446   -81.894    15.000
   34.446   -81.894    15.000
   34.446   -81.894    15.000
   31.533   -98.138    15.000
   31.533   -98.138    15.000
   31.533   -98.138    15.000
   31.533   -98.138    15.000
   31.533   -98.138    15.000
   31.653  -100.647    15.000
   31.653  -100.647    15.000
   31.653  -100.647    15.000
   31.653  -100.647    15.000
   31.653  -100.647    15.000
   32.302  -101.061    15.000
   32.302  -101.061    15.000
   32.302  -101.061    15.000
   32.302  -101.061    15.000
   32.302  -101.061    15.000
   32.920   -97.676    15.000
   32.920   -97.676    15.000
   32.920   -97.676    15.000
   32.920   -97.676    15.000
   32.920   -97.676    15.000
   48.244   -99.068    15.000
   48.244   -99.068    15.000
   48.244   -99.068    15.000
   48.244   -99.068    15.000
   48.244   -99.068    15.000
   25.236  -107.441    15.000
   25.236  -107.441    15.000
   25.236  -107.441    15.000
   25.236  -107.441    15.000
   25.236  -107.441    15.000
   25.465  -107.606    15.000
   25.465  -107.606    15.000
   25.465  -107.606    15.000
   25.465  -107.606    15.000
   25.465  -107.606    15.000
   25.314  -107.486    15.000
   25.314  -107.486    15.000
   25.314  -107.486    15.000
   25.314  -107.486    15.000
   25.314  -107.486    15.000
   25.453  -107.627    15.000
   25.453  -107.627    15.000
   25.453  -107.627    15.000
   25.453  -107.627    15.000
   25.453  -107.627    15.000
   25.282  -107.548    15.000
   25.282  -107.548    15.000
   25.282  -107.548    15.000
   25.282  -107.548    15.000
   25.282  -107.548    15.000
   25.369  -107.396    15.000
   25.369  -107.396    15.000
   25.369  -107.396    15.000
   25.369  -107.396    15.000
   25.369  -107.396    15.000
   25.484  -107.576    15.000
   25.484  -107.576    15.000
   25.484  -107.576    15.000
   25.484  -107.576    15.000
   25.484  -107.576    15.000
   25.129  -107.538    15.000
   25.129  -107.538    15.000
   25.129  -107.538    15.000
   25.129  -107.538    15.000
   25.129  -107.538    15.000
   40.606   -75.318    15.000
   40.606   -75.318    15.000
   40.606   -75.318    15.000
   40.606   -75.318    15.000
   40.606   -75.318    15.000
   50.520  -100.297    15.000
   50.520  -100.297    15.000
   50.520  -100.297    15.000
   50.520  -100.297    15.000
   50.520  -100.297    15.000
   53.522  -113.109    15.000
   53.522  -113.109    15.000
   53.522  -113.109    15.000
   53.522  -113.109    15.000
   53.522  -113.109    15.000
   53.447  -106.907    15.000
   53.447  -106.907    15.000
   53.447  -106.907    15.000
   53.447  -106.907    15.000
   53.447  -106.907    15.000
   48.866  -100.026    15.000
   48.866  -100.026    15.000
   48.866  -100.026    15.000
   48.866  -100.026    15.000
   48.866  -100.026    15.000
   51.019  -101.498    15.000
   51.019  -101.498    15.000
   51.019  -101.498    15.000
   51.019  -101.498    15.000
   51.019  -101.498    15.000
   51.540  -101.322    15.000
   51.540  -101.322    15.000
   51.540  -101.322    15.000
   51.540  -101.322    15.000
   51.540  -101.322    15.000
   50.824  -101.488    15.000
   50.824  -101.488    15.000
   50.824  -101.488    15.000
   50.824  -101.488    15.000
   50.824  -101.488    15.000
   51.266  -101.807    15.000
   51.266  -101.807    15.000
   51.266  -101.807    15.000
   51.266  -101.807    15.000
   51.266  -101.807    15.000
   51.329  -101.811    15.000
   51.329  -101.811    15.000
   51.329  -101.811    15.000
   51.329  -101.811    15.000
   51.329  -101.811    15.000
   51.280  -101.967    15.000
   51.280  -101.967    15.000
   51.280  -101.967    15.000
   51.280  -101.967    15.000
   51.280  -101.967    15.000
   51.756  -101.880    15.000
   51.756  -101.880    15.000
   51.756  -101.880    15.000
   51.756  -101.880    15.000
   51.756  -101.880    15.000
   52.782  -105.275    15.000
   52.782  -105.275    15.000
   52.782  -105.275    15.000
   52.782  -105.275    15.000
   52.782  -105.275    15.000
   51.150  -103.422    15.000
   51.150  -103.422    15.000
   51.150  -103.422    15.000
   51.150  -103.422    15.000
   51.150  -103.422    15.000
   51.060  -104.175    15.000
   51.060  -104.175    15.000
   51.060  -104.175    15.000
   51.060  -104.175    15.000
   51.060  -104.175    15.000
   51.121  -103.983    15.000
   51.121  -103.983    15.000
   51.121  -103.983    15.000
   51.121  -103.983    15.000
   51.121  -103.983    15.000
   51.624  -105.056    15.000
   51.624  -105.056    15.000
   51.624  -105.056    15.000
   51.624  -105.056    15.000
   51.624  -105.056    15.000
   53.357  -103.150    15.000
   53.357  -103.150    15.000
   53.357  -103.150    15.000
   53.357  -103.150    15.000
   53.357  -103.150    15.000
   53.432  -104.828    15.000
   53.432  -104.828    15.000
   53.432  -104.828    15.000
   53.432  -104.828    15.000
   53.432  -104.828    15.000
   53.179  -114.116    15.000
   53.179  -114.116    15.000
   53.179  -114.116    15.000
   53.179  -114.116    15.000
   53.179  -114.116    15.000
   53.044  -104.777    15.000
   53.044  -104.777    15.000
   53.044  -104.777    15.000
   53.044  -104.777    15.000
   53.044  -104.777    15.000
   49.383  -101.362    15.000
   49.383  -101.362    15.000
   49.383  -101.362    15.000
   49.383  -101.362    15.000
   49.383  -101.362    15.000
   51.951  -102.068    15.000
   51.951  -102.068    15.000
   51.951  -102.068    15.000
   51.951  -102.068    15.000
   51.951  -102.068    15.000
   52.127  -103.752    15.000
   52.127  -103.752    15.000
   52.127  -103.752    15.000
   52.127  -103.752    15.000
   52.127  -103.752    15.000
   50.081  -106.188    15.000
   50.081  -106.188    15.000
   50.081  -106.188    15.000
   50.081  -106.188    15.000
   50.081  -106.188    15.000
   50.306  -103.260    15.000
   50.306  -103.260    15.000
   50.306  -103.260    15.000
   50.306  -103.260    15.000
   50.306  -103.260    15.000
   52.176  -103.834    15.000
   52.176  -103.834    15.000
   52.176  -103.834    15.000
   52.176  -103.834    15.000
   52.176  -103.834    15.000
   32.212  -101.934    15.000
   32.212  -101.934    15.000
   32.212  -101.934    15.000
   32.212  -101.934    15.000
   32.212  -101.934    15.000
   47.937   -96.797    15.000
   47.937   -96.797    15.000
   47.937   -96.797    15.000
   47.937   -96.797    15.000
   47.937   -96.797    15.000
   48.374   -98.360    15.000
   48.374   -98.360    15.000
   48.374   -98.360    15.000
   48.374   -98.360    15.000
   48.374   -98.360    15.000
   48.725   -98.696    15.000
   48.725   -98.696    15.000
   48.725   -98.696    15.000
   48.725   -98.696    15.000
   48.725   -98.696    15.000
   48.913   -99.334    15.000
   48.913   -99.334    15.000
   48.913   -99.334    15.000
   48.913   -99.334    15.000
   48.913   -99.334    15.000
   32.647   -81.589    15.000
   32.647   -81.589    15.000
   32.647   -81.589    15.000
   32.647   -81.589    15.000
   32.647   -81.589    15.000
   47.000  -119.586    15.000
   47.000  -119.586    15.000
   47.000  -119.586    15.000
   47.000  -119.586    15.000
   47.000  -119.586    15.000
   31.961   -83.746    15.000
   31.961   -83.746    15.000
   31.961   -83.746    15.000
   31.961   -83.746    15.000
   31.961   -83.746    15.000
   31.963   -83.214    15.000
   31.963   -83.214    15.000
   31.963   -83.214    15.000
   31.963   -83.214    15.000
   31.963   -83.214    15.000
   33.043   -84.512    15.000
   33.043   -84.512    15.000
   33.043   -84.512    15.000
   33.043   -84.512    15.000
   33.043   -84.512    15.000
   33.373   -83.984    15.000
   33.373   -83.984    15.000
   33.373   -83.984    15.000
   33.373   -83.984    15.000
   33.373   -83.984    15.000
   31.366  -101.782    15.000
   31.366  -101.782    15.000
   31.366  -101.782    15.000
   31.366  -101.782    15.000
   31.366  -101.782    15.000
   36.250   -83.204    15.000
   36.250   -83.204    15.000
   36.250   -83.204    15.000
   36.250   -83.204    15.000
   36.250   -83.204    15.000
   34.505   -78.327    15.000
   34.505   -78.327    15.000
   34.505   -78.327    15.000
   34.505   -78.327    15.000
   34.505   -78.327    15.000
   35.319   -99.324    15.000
   35.319   -99.324    15.000
   35.319   -99.324    15.000
   35.319   -99.324    15.000
   35.319   -99.324    15.000
   34.452   -82.685    15.000
   34.452   -82.685    15.000
   34.452   -82.685    15.000
   34.452   -82.685    15.000
   34.452   -82.685    15.000
   34.831   -84.757    15.000
   34.831   -84.757    15.000
   34.831   -84.757    15.000
   34.831   -84.757    15.000
   34.831   -84.757    15.000
   28.204   -98.441    15.000
   28.204   -98.441    15.000
   28.204   -98.441    15.000
   28.204   -98.441    15.000
   28.204   -98.441    15.000
   55.745  -114.400    15.000
   55.745  -114.400    15.000
   55.745  -114.400    15.000
   55.745  -114.400    15.000
   55.745  -114.400    15.000
   57.040  -117.850    15.000
   57.040  -117.850    15.000
   57.040  -117.850    15.000
   57.040  -117.850    15.000
   57.040  -117.850    15.000
   57.103  -117.994    15.000
   57.103  -117.994    15.000
   57.103  -117.994    15.000
   57.103  -117.994    15.000
   57.103  -117.994    15.000
   58.285  -117.238    15.000
   58.285  -117.238    15.000
   58.285  -117.238    15.000
   58.285  -117.238    15.000
   58.285  -117.238    15.000
   57.100  -117.905    15.000
   57.100  -117.905    15.000
   57.100  -117.905    15.000
   57.100  -117.905    15.000
   57.100  -117.905    15.000
   57.150  -117.960    15.000
   57.150  -117.960    15.000
   57.150  -117.960    15.000
   57.150  -117.960    15.000
   57.150  -117.960    15.000
   58.344  -117.282    15.000
   58.344  -117.282    15.000
   58.344  -117.282    15.000
   58.344  -117.282    15.000
   58.344  -117.282    15.000
   55.830  -114.500    15.000
   55.830  -114.500    15.000
   55.830  -114.500    15.000
   55.830  -114.500    15.000
   55.830  -114.500    15.000
   55.730  -114.430    15.000
   55.730  -114.430    15.000
   55.730  -114.430    15.000
   55.730  -114.430    15.000
   55.730  -114.430    15.000
   32.220  -101.950    15.000
   32.220  -101.950    15.000
   32.220  -101.950    15.000
   32.220  -101.950    15.000
   32.220  -101.950    15.000
   58.490  -117.570    15.000
   58.490  -117.570    15.000
   58.490  -117.570    15.000
   58.490  -117.570    15.000
   58.490  -117.570    15.000
   58.373  -117.311    15.000
   58.373  -117.311    15.000
   58.373  -117.311    15.000
   58.373  -117.311    15.000
   58.373  -117.311    15.000
   58.435  -117.435    15.000
   58.435  -117.435    15.000
   58.435  -117.435    15.000
   58.435  -117.435    15.000
   58.435  -117.435    15.000
   58.390  -117.370    15.000
   58.390  -117.370    15.000
   58.390  -117.370    15.000
   58.390  -117.370    15.000
   58.390  -117.370    15.000
   58.470  -117.510    15.000
   58.470  -117.510    15.000
   58.470  -117.510    15.000
   58.470  -117.510    15.000
   58.470  -117.510    15.000
   58.510  -117.560    15.000
   58.510  -117.560    15.000
   58.510  -117.560    15.000
   58.510  -117.560    15.000
   58.510  -117.560    15.000
   58.470  -117.470    15.000
   58.470  -117.470    15.000
   58.470  -117.470    15.000
   58.470  -117.470    15.000
   58.470  -117.470    15.000
   55.000   -98.500    15.000
   55.000   -98.500    15.000
   55.000   -98.500    15.000
   55.000   -98.500    15.000
   55.000   -98.500    15.000
0024
0
  10000.0
1
./
ERA5-20190520-00-casestudy-31km.arl
1
PM25
0.001
    24.000
19 05 20 00 00
1
   55.000   -98.500
    0.100     0.100
   30.000    92.000
./
hysplit.con
1
10
19 05 20 00 00
19 05 21 00 00
0 1 0
1
1 1 1
0 0 0 0 0
0 0.000336 8.4e-05
0
0.0
