19 05 30 00
2360
   60.831  -137.625    15.000
   60.831  -137.625    15.000
   60.831  -137.625    15.000
   60.831  -137.625    15.000
   60.831  -137.625    15.000
   59.864  -124.224    15.000
   59.864  -124.224    15.000
   59.864  -124.224    15.000
   59.864  -124.224    15.000
   59.864  -124.224    15.000
   59.836  -124.220    15.000
   59.836  -124.220    15.000
   59.836  -124.220    15.000
   59.836  -124.220    15.000
   59.836  -124.220    15.000
   60.321  -126.224    15.000
   60.321  -126.224    15.000
   60.321  -126.224    15.000
   60.321  -126.224    15.000
   60.321  -126.224    15.000
   59.573  -128.619    15.000
   59.573  -128.619    15.000
   59.573  -128.619    15.000
   59.573  -128.619    15.000
   59.573  -128.619    15.000
   58.943  -127.364    15.000
   58.943  -127.364    15.000
   58.943  -127.364    15.000
   58.943  -127.364    15.000
   58.943  -127.364    15.000
   60.665  -120.255    15.000
   60.665  -120.255    15.000
   60.665  -120.255    15.000
   60.665  -120.255    15.000
   60.665  -120.255    15.000
   60.631  -120.292    15.000
   60.631  -120.292    15.000
   60.631  -120.292    15.000
   60.631  -120.292    15.000
   60.631  -120.292    15.000
   60.297  -126.229    15.000
   60.297  -126.229    15.000
   60.297  -126.229    15.000
   60.297  -126.229    15.000
   60.297  -126.229    15.000
   60.684  -120.224    15.000
   60.684  -120.224    15.000
   60.684  -120.224    15.000
   60.684  -120.224    15.000
   60.684  -120.224    15.000
   58.990  -127.390    15.000
   58.990  -127.390    15.000
   58.990  -127.390    15.000
   58.990  -127.390    15.000
   58.990  -127.390    15.000
   58.263  -130.864    15.000
   58.263  -130.864    15.000
   58.263  -130.864    15.000
   58.263  -130.864    15.000
   58.263  -130.864    15.000
   52.406  -121.116    15.000
   52.406  -121.116    15.000
   52.406  -121.116    15.000
   52.406  -121.116    15.000
   52.406  -121.116    15.000
   49.826  -123.022    15.000
   49.826  -123.022    15.000
   49.826  -123.022    15.000
   49.826  -123.022    15.000
   49.826  -123.022    15.000
   59.340  -129.218    15.000
   59.340  -129.218    15.000
   59.340  -129.218    15.000
   59.340  -129.218    15.000
   59.340  -129.218    15.000
   60.450  -127.489    15.000
   60.450  -127.489    15.000
   60.450  -127.489    15.000
   60.450  -127.489    15.000
   60.450  -127.489    15.000
   57.781  -130.101    15.000
   57.781  -130.101    15.000
   57.781  -130.101    15.000
   57.781  -130.101    15.000
   57.781  -130.101    15.000
   58.127  -129.363    15.000
   58.127  -129.363    15.000
   58.127  -129.363    15.000
   58.127  -129.363    15.000
   58.127  -129.363    15.000
   56.415  -120.734    15.000
   56.415  -120.734    15.000
   56.415  -120.734    15.000
   56.415  -120.734    15.000
   56.415  -120.734    15.000
   59.259  -112.412    15.000
   59.259  -112.412    15.000
   59.259  -112.412    15.000
   59.259  -112.412    15.000
   59.259  -112.412    15.000
   55.705  -114.477    15.000
   55.705  -114.477    15.000
   55.705  -114.477    15.000
   55.705  -114.477    15.000
   55.705  -114.477    15.000
   55.952  -114.363    15.000
   55.952  -114.363    15.000
   55.952  -114.363    15.000
   55.952  -114.363    15.000
   55.952  -114.363    15.000
   59.159  -112.270    15.000
   59.159  -112.270    15.000
   59.159  -112.270    15.000
   59.159  -112.270    15.000
   59.159  -112.270    15.000
   59.591  -117.177    15.000
   59.591  -117.177    15.000
   59.591  -117.177    15.000
   59.591  -117.177    15.000
   59.591  -117.177    15.000
   56.036  -114.552    15.000
   56.036  -114.552    15.000
   56.036  -114.552    15.000
   56.036  -114.552    15.000
   56.036  -114.552    15.000
   56.063  -114.473    15.000
   56.063  -114.473    15.000
   56.063  -114.473    15.000
   56.063  -114.473    15.000
   56.063  -114.473    15.000
   57.066  -118.127    15.000
   57.066  -118.127    15.000
   57.066  -118.127    15.000
   57.066  -118.127    15.000
   57.066  -118.127    15.000
   57.038  -117.862    15.000
   57.038  -117.862    15.000
   57.038  -117.862    15.000
   57.038  -117.862    15.000
   57.038  -117.862    15.000
   57.232  -117.917    15.000
   57.232  -117.917    15.000
   57.232  -117.917    15.000
   57.232  -117.917    15.000
   57.232  -117.917    15.000
   59.593  -117.127    15.000
   59.593  -117.127    15.000
   59.593  -117.127    15.000
   59.593  -117.127    15.000
   59.593  -117.127    15.000
   59.551  -117.076    15.000
   59.551  -117.076    15.000
   59.551  -117.076    15.000
   59.551  -117.076    15.000
   59.551  -117.076    15.000
   59.286  -112.294    15.000
   59.286  -112.294    15.000
   59.286  -112.294    15.000
   59.286  -112.294    15.000
   59.286  -112.294    15.000
   33.017   -79.889    15.000
   33.017   -79.889    15.000
   33.017   -79.889    15.000
   33.017   -79.889    15.000
   33.017   -79.889    15.000
   46.625   -91.317    15.000
   46.625   -91.317    15.000
   46.625   -91.317    15.000
   46.625   -91.317    15.000
   46.625   -91.317    15.000
   58.210  -117.495    15.000
   58.210  -117.495    15.000
   58.210  -117.495    15.000
   58.210  -117.495    15.000
   58.210  -117.495    15.000
   59.212  -112.402    15.000
   59.212  -112.402    15.000
   59.212  -112.402    15.000
   59.212  -112.402    15.000
   59.212  -112.402    15.000
   29.669   -82.131    15.000
   29.669   -82.131    15.000
   29.669   -82.131    15.000
   29.669   -82.131    15.000
   29.669   -82.131    15.000
   59.626  -117.046    15.000
   59.626  -117.046    15.000
   59.626  -117.046    15.000
   59.626  -117.046    15.000
   59.626  -117.046    15.000
   58.224  -117.568    15.000
   58.224  -117.568    15.000
   58.224  -117.568    15.000
   58.224  -117.568    15.000
   58.224  -117.568    15.000
   58.157  -117.302    15.000
   58.157  -117.302    15.000
   58.157  -117.302    15.000
   58.157  -117.302    15.000
   58.157  -117.302    15.000
   56.038  -114.382    15.000
   56.038  -114.382    15.000
   56.038  -114.382    15.000
   56.038  -114.382    15.000
   56.038  -114.382    15.000
   55.993  -114.441    15.000
   55.993  -114.441    15.000
   55.993  -114.441    15.000
   55.993  -114.441    15.000
   55.993  -114.441    15.000
   55.873  -114.689    15.000
   55.873  -114.689    15.000
   55.873  -114.689    15.000
   55.873  -114.689    15.000
   55.873  -114.689    15.000
   59.594  -117.272    15.000
   59.594  -117.272    15.000
   59.594  -117.272    15.000
   59.594  -117.272    15.000
   59.594  -117.272    15.000
   58.260  -117.627    15.000
   58.260  -117.627    15.000
   58.260  -117.627    15.000
   58.260  -117.627    15.000
   58.260  -117.627    15.000
   59.323  -112.365    15.000
   59.323  -112.365    15.000
   59.323  -112.365    15.000
   59.323  -112.365    15.000
   59.323  -112.365    15.000
   59.303  -112.500    15.000
   59.303  -112.500    15.000
   59.303  -112.500    15.000
   59.303  -112.500    15.000
   59.303  -112.500    15.000
   59.349  -112.225    15.000
   59.349  -112.225    15.000
   59.349  -112.225    15.000
   59.349  -112.225    15.000
   59.349  -112.225    15.000
   59.309  -112.281    15.000
   59.309  -112.281    15.000
   59.309  -112.281    15.000
   59.309  -112.281    15.000
   59.309  -112.281    15.000
   30.370   -82.567    15.000
   30.370   -82.567    15.000
   30.370   -82.567    15.000
   30.370   -82.567    15.000
   30.370   -82.567    15.000
   30.381   -82.604    15.000
   30.381   -82.604    15.000
   30.381   -82.604    15.000
   30.381   -82.604    15.000
   30.381   -82.604    15.000
   29.122   -81.828    15.000
   29.122   -81.828    15.000
   29.122   -81.828    15.000
   29.122   -81.828    15.000
   29.122   -81.828    15.000
   59.174  -113.867    15.000
   59.174  -113.867    15.000
   59.174  -113.867    15.000
   59.174  -113.867    15.000
   59.174  -113.867    15.000
   57.184  -117.826    15.000
   57.184  -117.826    15.000
   57.184  -117.826    15.000
   57.184  -117.826    15.000
   57.184  -117.826    15.000
   56.008  -114.619    15.000
   56.008  -114.619    15.000
   56.008  -114.619    15.000
   56.008  -114.619    15.000
   56.008  -114.619    15.000
   60.684  -120.245    15.000
   60.684  -120.245    15.000
   60.684  -120.245    15.000
   60.684  -120.245    15.000
   60.684  -120.245    15.000
   60.701  -120.226    15.000
   60.701  -120.226    15.000
   60.701  -120.226    15.000
   60.701  -120.226    15.000
   60.701  -120.226    15.000
   55.991  -114.532    15.000
   55.991  -114.532    15.000
   55.991  -114.532    15.000
   55.991  -114.532    15.000
   55.991  -114.532    15.000
   56.414  -114.271    15.000
   56.414  -114.271    15.000
   56.414  -114.271    15.000
   56.414  -114.271    15.000
   56.414  -114.271    15.000
   55.841  -114.614    15.000
   55.841  -114.614    15.000
   55.841  -114.614    15.000
   55.841  -114.614    15.000
   55.841  -114.614    15.000
   55.893  -114.293    15.000
   55.893  -114.293    15.000
   55.893  -114.293    15.000
   55.893  -114.293    15.000
   55.893  -114.293    15.000
   59.862  -124.239    15.000
   59.862  -124.239    15.000
   59.862  -124.239    15.000
   59.862  -124.239    15.000
   59.862  -124.239    15.000
   59.265  -112.583    15.000
   59.265  -112.583    15.000
   59.265  -112.583    15.000
   59.265  -112.583    15.000
   59.265  -112.583    15.000
   59.830  -124.208    15.000
   59.830  -124.208    15.000
   59.830  -124.208    15.000
   59.830  -124.208    15.000
   59.830  -124.208    15.000
   55.864  -114.692    15.000
   55.864  -114.692    15.000
   55.864  -114.692    15.000
   55.864  -114.692    15.000
   55.864  -114.692    15.000
   57.215  -117.840    15.000
   57.215  -117.840    15.000
   57.215  -117.840    15.000
   57.215  -117.840    15.000
   57.215  -117.840    15.000
   58.138  -117.412    15.000
   58.138  -117.412    15.000
   58.138  -117.412    15.000
   58.138  -117.412    15.000
   58.138  -117.412    15.000
   59.888  -124.194    15.000
   59.888  -124.194    15.000
   59.888  -124.194    15.000
   59.888  -124.194    15.000
   59.888  -124.194    15.000
   55.795  -114.359    15.000
   55.795  -114.359    15.000
   55.795  -114.359    15.000
   55.795  -114.359    15.000
   55.795  -114.359    15.000
   57.161  -118.065    15.000
   57.161  -118.065    15.000
   57.161  -118.065    15.000
   57.161  -118.065    15.000
   57.161  -118.065    15.000
   56.030  -114.471    15.000
   56.030  -114.471    15.000
   56.030  -114.471    15.000
   56.030  -114.471    15.000
   56.030  -114.471    15.000
   58.612  -117.664    15.000
   58.612  -117.664    15.000
   58.612  -117.664    15.000
   58.612  -117.664    15.000
   58.612  -117.664    15.000
   59.633  -117.127    15.000
   59.633  -117.127    15.000
   59.633  -117.127    15.000
   59.633  -117.127    15.000
   59.633  -117.127    15.000
   58.561  -117.866    15.000
   58.561  -117.866    15.000
   58.561  -117.866    15.000
   58.561  -117.866    15.000
   58.561  -117.866    15.000
   55.877  -114.644    15.000
   55.877  -114.644    15.000
   55.877  -114.644    15.000
   55.877  -114.644    15.000
   55.877  -114.644    15.000
   58.180  -117.549    15.000
   58.180  -117.549    15.000
   58.180  -117.549    15.000
   58.180  -117.549    15.000
   58.180  -117.549    15.000
   58.134  -117.358    15.000
   58.134  -117.358    15.000
   58.134  -117.358    15.000
   58.134  -117.358    15.000
   58.134  -117.358    15.000
   48.659  -100.331    15.000
   48.659  -100.331    15.000
   48.659  -100.331    15.000
   48.659  -100.331    15.000
   48.659  -100.331    15.000
   58.184  -117.389    15.000
   58.184  -117.389    15.000
   58.184  -117.389    15.000
   58.184  -117.389    15.000
   58.184  -117.389    15.000
   58.139  -117.245    15.000
   58.139  -117.245    15.000
   58.139  -117.245    15.000
   58.139  -117.245    15.000
   58.139  -117.245    15.000
   47.258   -98.867    15.000
   47.258   -98.867    15.000
   47.258   -98.867    15.000
   47.258   -98.867    15.000
   47.258   -98.867    15.000
   58.987  -127.397    15.000
   58.987  -127.397    15.000
   58.987  -127.397    15.000
   58.987  -127.397    15.000
   58.987  -127.397    15.000
   58.151  -117.460    15.000
   58.151  -117.460    15.000
   58.151  -117.460    15.000
   58.151  -117.460    15.000
   58.151  -117.460    15.000
   57.056  -117.815    15.000
   57.056  -117.815    15.000
   57.056  -117.815    15.000
   57.056  -117.815    15.000
   57.056  -117.815    15.000
   47.012   -97.411    15.000
   47.012   -97.411    15.000
   47.012   -97.411    15.000
   47.012   -97.411    15.000
   47.012   -97.411    15.000
   48.427   -95.859    15.000
   48.427   -95.859    15.000
   48.427   -95.859    15.000
   48.427   -95.859    15.000
   48.427   -95.859    15.000
   26.361  -107.242    15.000
   26.361  -107.242    15.000
   26.361  -107.242    15.000
   26.361  -107.242    15.000
   26.361  -107.242    15.000
   26.555  -108.310    15.000
   26.555  -108.310    15.000
   26.555  -108.310    15.000
   26.555  -108.310    15.000
   26.555  -108.310    15.000
   48.280   -96.074    15.000
   48.280   -96.074    15.000
   48.280   -96.074    15.000
   48.280   -96.074    15.000
   48.280   -96.074    15.000
   34.427   -87.078    15.000
   34.427   -87.078    15.000
   34.427   -87.078    15.000
   34.427   -87.078    15.000
   34.427   -87.078    15.000
   33.662   -85.562    15.000
   33.662   -85.562    15.000
   33.662   -85.562    15.000
   33.662   -85.562    15.000
   33.662   -85.562    15.000
   57.141  -118.062    15.000
   57.141  -118.062    15.000
   57.141  -118.062    15.000
   57.141  -118.062    15.000
   57.141  -118.062    15.000
   51.752   -98.452    15.000
   51.752   -98.452    15.000
   51.752   -98.452    15.000
   51.752   -98.452    15.000
   51.752   -98.452    15.000
   46.971   -97.582    15.000
   46.971   -97.582    15.000
   46.971   -97.582    15.000
   46.971   -97.582    15.000
   46.971   -97.582    15.000
   50.787   -93.809    15.000
   50.787   -93.809    15.000
   50.787   -93.809    15.000
   50.787   -93.809    15.000
   50.787   -93.809    15.000
   29.805  -101.862    15.000
   29.805  -101.862    15.000
   29.805  -101.862    15.000
   29.805  -101.862    15.000
   29.805  -101.862    15.000
   31.130   -82.032    15.000
   31.130   -82.032    15.000
   31.130   -82.032    15.000
   31.130   -82.032    15.000
   31.130   -82.032    15.000
   32.814   -83.554    15.000
   32.814   -83.554    15.000
   32.814   -83.554    15.000
   32.814   -83.554    15.000
   32.814   -83.554    15.000
   33.731  -109.139    15.000
   33.731  -109.139    15.000
   33.731  -109.139    15.000
   33.731  -109.139    15.000
   33.731  -109.139    15.000
   33.002  -110.767    15.000
   33.002  -110.767    15.000
   33.002  -110.767    15.000
   33.002  -110.767    15.000
   33.002  -110.767    15.000
   47.114   -92.686    15.000
   47.114   -92.686    15.000
   47.114   -92.686    15.000
   47.114   -92.686    15.000
   47.114   -92.686    15.000
   64.040  -146.172    15.000
   64.040  -146.172    15.000
   64.040  -146.172    15.000
   64.040  -146.172    15.000
   64.040  -146.172    15.000
   64.006  -146.181    15.000
   64.006  -146.181    15.000
   64.006  -146.181    15.000
   64.006  -146.181    15.000
   64.006  -146.181    15.000
   63.906  -146.101    15.000
   63.906  -146.101    15.000
   63.906  -146.101    15.000
   63.906  -146.101    15.000
   63.906  -146.101    15.000
   46.291   -62.847    15.000
   46.291   -62.847    15.000
   46.291   -62.847    15.000
   46.291   -62.847    15.000
   46.291   -62.847    15.000
   56.425  -114.266    15.000
   56.425  -114.266    15.000
   56.425  -114.266    15.000
   56.425  -114.266    15.000
   56.425  -114.266    15.000
   56.438  -114.307    15.000
   56.438  -114.307    15.000
   56.438  -114.307    15.000
   56.438  -114.307    15.000
   56.438  -114.307    15.000
   42.527  -123.433    15.000
   42.527  -123.433    15.000
   42.527  -123.433    15.000
   42.527  -123.433    15.000
   42.527  -123.433    15.000
   25.511  -106.827    15.000
   25.511  -106.827    15.000
   25.511  -106.827    15.000
   25.511  -106.827    15.000
   25.511  -106.827    15.000
   25.481  -107.104    15.000
   25.481  -107.104    15.000
   25.481  -107.104    15.000
   25.481  -107.104    15.000
   25.481  -107.104    15.000
   58.367  -117.709    15.000
   58.367  -117.709    15.000
   58.367  -117.709    15.000
   58.367  -117.709    15.000
   58.367  -117.709    15.000
   56.997  -117.910    15.000
   56.997  -117.910    15.000
   56.997  -117.910    15.000
   56.997  -117.910    15.000
   56.997  -117.910    15.000
   58.625  -117.917    15.000
   58.625  -117.917    15.000
   58.625  -117.917    15.000
   58.625  -117.917    15.000
   58.625  -117.917    15.000
   57.064  -117.954    15.000
   57.064  -117.954    15.000
   57.064  -117.954    15.000
   57.064  -117.954    15.000
   57.064  -117.954    15.000
   58.595  -117.564    15.000
   58.595  -117.564    15.000
   58.595  -117.564    15.000
   58.595  -117.564    15.000
   58.595  -117.564    15.000
   56.012  -114.703    15.000
   56.012  -114.703    15.000
   56.012  -114.703    15.000
   56.012  -114.703    15.000
   56.012  -114.703    15.000
   52.013  -105.028    15.000
   52.013  -105.028    15.000
   52.013  -105.028    15.000
   52.013  -105.028    15.000
   52.013  -105.028    15.000
   56.024  -114.303    15.000
   56.024  -114.303    15.000
   56.024  -114.303    15.000
   56.024  -114.303    15.000
   56.024  -114.303    15.000
   58.932  -127.387    15.000
   58.932  -127.387    15.000
   58.932  -127.387    15.000
   58.932  -127.387    15.000
   58.932  -127.387    15.000
   55.983  -114.767    15.000
   55.983  -114.767    15.000
   55.983  -114.767    15.000
   55.983  -114.767    15.000
   55.983  -114.767    15.000
   46.294   -97.547    15.000
   46.294   -97.547    15.000
   46.294   -97.547    15.000
   46.294   -97.547    15.000
   46.294   -97.547    15.000
   48.605   -98.988    15.000
   48.605   -98.988    15.000
   48.605   -98.988    15.000
   48.605   -98.988    15.000
   48.605   -98.988    15.000
   30.948   -92.757    15.000
   30.948   -92.757    15.000
   30.948   -92.757    15.000
   30.948   -92.757    15.000
   30.948   -92.757    15.000
   60.313  -126.179    15.000
   60.313  -126.179    15.000
   60.313  -126.179    15.000
   60.313  -126.179    15.000
   60.313  -126.179    15.000
   47.197   -97.389    15.000
   47.197   -97.389    15.000
   47.197   -97.389    15.000
   47.197   -97.389    15.000
   47.197   -97.389    15.000
   50.951   -94.573    15.000
   50.951   -94.573    15.000
   50.951   -94.573    15.000
   50.951   -94.573    15.000
   50.951   -94.573    15.000
   51.080   -99.358    15.000
   51.080   -99.358    15.000
   51.080   -99.358    15.000
   51.080   -99.358    15.000
   51.080   -99.358    15.000
   58.659  -117.912    15.000
   58.659  -117.912    15.000
   58.659  -117.912    15.000
   58.659  -117.912    15.000
   58.659  -117.912    15.000
   26.886  -101.454    15.000
   26.886  -101.454    15.000
   26.886  -101.454    15.000
   26.886  -101.454    15.000
   26.886  -101.454    15.000
   36.357   -76.810    15.000
   36.357   -76.810    15.000
   36.357   -76.810    15.000
   36.357   -76.810    15.000
   36.357   -76.810    15.000
   46.872   -97.833    15.000
   46.872   -97.833    15.000
   46.872   -97.833    15.000
   46.872   -97.833    15.000
   46.872   -97.833    15.000
   27.784  -108.455    15.000
   27.784  -108.455    15.000
   27.784  -108.455    15.000
   27.784  -108.455    15.000
   27.784  -108.455    15.000
   28.175  -107.929    15.000
   28.175  -107.929    15.000
   28.175  -107.929    15.000
   28.175  -107.929    15.000
   28.175  -107.929    15.000
   46.672   -97.835    15.000
   46.672   -97.835    15.000
   46.672   -97.835    15.000
   46.672   -97.835    15.000
   46.672   -97.835    15.000
   46.122   -98.030    15.000
   46.122   -98.030    15.000
   46.122   -98.030    15.000
   46.122   -98.030    15.000
   46.122   -98.030    15.000
   31.981   -94.320    15.000
   31.981   -94.320    15.000
   31.981   -94.320    15.000
   31.981   -94.320    15.000
   31.981   -94.320    15.000
   25.985  -107.134    15.000
   25.985  -107.134    15.000
   25.985  -107.134    15.000
   25.985  -107.134    15.000
   25.985  -107.134    15.000
   25.910  -107.103    15.000
   25.910  -107.103    15.000
   25.910  -107.103    15.000
   25.910  -107.103    15.000
   25.910  -107.103    15.000
   27.563   -82.190    15.000
   27.563   -82.190    15.000
   27.563   -82.190    15.000
   27.563   -82.190    15.000
   27.563   -82.190    15.000
   28.809   -80.952    15.000
   28.809   -80.952    15.000
   28.809   -80.952    15.000
   28.809   -80.952    15.000
   28.809   -80.952    15.000
   31.942   -85.956    15.000
   31.942   -85.956    15.000
   31.942   -85.956    15.000
   31.942   -85.956    15.000
   31.942   -85.956    15.000
   29.042   -81.808    15.000
   29.042   -81.808    15.000
   29.042   -81.808    15.000
   29.042   -81.808    15.000
   29.042   -81.808    15.000
   27.321   -81.709    15.000
   27.321   -81.709    15.000
   27.321   -81.709    15.000
   27.321   -81.709    15.000
   27.321   -81.709    15.000
   28.014   -81.355    15.000
   28.014   -81.355    15.000
   28.014   -81.355    15.000
   28.014   -81.355    15.000
   28.014   -81.355    15.000
   47.911  -117.899    15.000
   47.911  -117.899    15.000
   47.911  -117.899    15.000
   47.911  -117.899    15.000
   47.911  -117.899    15.000
   30.210  -108.432    15.000
   30.210  -108.432    15.000
   30.210  -108.432    15.000
   30.210  -108.432    15.000
   30.210  -108.432    15.000
   47.541  -115.922    15.000
   47.541  -115.922    15.000
   47.541  -115.922    15.000
   47.541  -115.922    15.000
   47.541  -115.922    15.000
   37.602  -118.631    15.000
   37.602  -118.631    15.000
   37.602  -118.631    15.000
   37.602  -118.631    15.000
   37.602  -118.631    15.000
   36.270  -119.889    15.000
   36.270  -119.889    15.000
   36.270  -119.889    15.000
   36.270  -119.889    15.000
   36.270  -119.889    15.000
   39.736  -122.290    15.000
   39.736  -122.290    15.000
   39.736  -122.290    15.000
   39.736  -122.290    15.000
   39.736  -122.290    15.000
   58.598  -117.647    15.000
   58.598  -117.647    15.000
   58.598  -117.647    15.000
   58.598  -117.647    15.000
   58.598  -117.647    15.000
   59.628  -117.396    15.000
   59.628  -117.396    15.000
   59.628  -117.396    15.000
   59.628  -117.396    15.000
   59.628  -117.396    15.000
   57.043  -117.765    15.000
   57.043  -117.765    15.000
   57.043  -117.765    15.000
   57.043  -117.765    15.000
   57.043  -117.765    15.000
   58.458  -117.750    15.000
   58.458  -117.750    15.000
   58.458  -117.750    15.000
   58.458  -117.750    15.000
   58.458  -117.750    15.000
   57.170  -117.920    15.000
   57.170  -117.920    15.000
   57.170  -117.920    15.000
   57.170  -117.920    15.000
   57.170  -117.920    15.000
   57.132  -118.009    15.000
   57.132  -118.009    15.000
   57.132  -118.009    15.000
   57.132  -118.009    15.000
   57.132  -118.009    15.000
   58.176  -117.228    15.000
   58.176  -117.228    15.000
   58.176  -117.228    15.000
   58.176  -117.228    15.000
   58.176  -117.228    15.000
   25.267  -107.333    15.000
   25.267  -107.333    15.000
   25.267  -107.333    15.000
   25.267  -107.333    15.000
   25.267  -107.333    15.000
   25.129  -107.579    15.000
   25.129  -107.579    15.000
   25.129  -107.579    15.000
   25.129  -107.579    15.000
   25.129  -107.579    15.000
   25.156  -107.460    15.000
   25.156  -107.460    15.000
   25.156  -107.460    15.000
   25.156  -107.460    15.000
   25.156  -107.460    15.000
   25.738  -107.800    15.000
   25.738  -107.800    15.000
   25.738  -107.800    15.000
   25.738  -107.800    15.000
   25.738  -107.800    15.000
   25.978  -107.482    15.000
   25.978  -107.482    15.000
   25.978  -107.482    15.000
   25.978  -107.482    15.000
   25.978  -107.482    15.000
   26.132  -106.613    15.000
   26.132  -106.613    15.000
   26.132  -106.613    15.000
   26.132  -106.613    15.000
   26.132  -106.613    15.000
   26.426  -107.693    15.000
   26.426  -107.693    15.000
   26.426  -107.693    15.000
   26.426  -107.693    15.000
   26.426  -107.693    15.000
   25.482  -107.568    15.000
   25.482  -107.568    15.000
   25.482  -107.568    15.000
   25.482  -107.568    15.000
   25.482  -107.568    15.000
   58.260  -117.520    15.000
   58.260  -117.520    15.000
   58.260  -117.520    15.000
   58.260  -117.520    15.000
   58.260  -117.520    15.000
   58.310  -117.650    15.000
   58.310  -117.650    15.000
   58.310  -117.650    15.000
   58.310  -117.650    15.000
   58.310  -117.650    15.000
   47.346   -96.127    15.000
   47.346   -96.127    15.000
   47.346   -96.127    15.000
   47.346   -96.127    15.000
   47.346   -96.127    15.000
   26.305   -81.482    15.000
   26.305   -81.482    15.000
   26.305   -81.482    15.000
   26.305   -81.482    15.000
   26.305   -81.482    15.000
   26.911   -80.440    15.000
   26.911   -80.440    15.000
   26.911   -80.440    15.000
   26.911   -80.440    15.000
   26.911   -80.440    15.000
   33.474   -88.389    15.000
   33.474   -88.389    15.000
   33.474   -88.389    15.000
   33.474   -88.389    15.000
   33.474   -88.389    15.000
   62.974  -140.982    15.000
   62.974  -140.982    15.000
   62.974  -140.982    15.000
   62.974  -140.982    15.000
   62.974  -140.982    15.000
   39.707   -74.437    15.000
   39.707   -74.437    15.000
   39.707   -74.437    15.000
   39.707   -74.437    15.000
   39.707   -74.437    15.000
   40.756  -112.035    15.000
   40.756  -112.035    15.000
   40.756  -112.035    15.000
   40.756  -112.035    15.000
   40.756  -112.035    15.000
   38.020   -87.533    15.000
   38.020   -87.533    15.000
   38.020   -87.533    15.000
   38.020   -87.533    15.000
   38.020   -87.533    15.000
   58.327  -117.701    15.000
   58.327  -117.701    15.000
   58.327  -117.701    15.000
   58.327  -117.701    15.000
   58.327  -117.701    15.000
   58.548  -117.514    15.000
   58.548  -117.514    15.000
   58.548  -117.514    15.000
   58.548  -117.514    15.000
   58.548  -117.514    15.000
   58.538  -117.817    15.000
   58.538  -117.817    15.000
   58.538  -117.817    15.000
   58.538  -117.817    15.000
   58.538  -117.817    15.000
   55.810  -114.632    15.000
   55.810  -114.632    15.000
   55.810  -114.632    15.000
   55.810  -114.632    15.000
   55.810  -114.632    15.000
   55.937  -114.543    15.000
   55.937  -114.543    15.000
   55.937  -114.543    15.000
   55.937  -114.543    15.000
   55.937  -114.543    15.000
   47.721   -73.637    15.000
   47.721   -73.637    15.000
   47.721   -73.637    15.000
   47.721   -73.637    15.000
   47.721   -73.637    15.000
   52.799   -67.378    15.000
   52.799   -67.378    15.000
   52.799   -67.378    15.000
   52.799   -67.378    15.000
   52.799   -67.378    15.000
   33.594   -82.080    15.000
   33.594   -82.080    15.000
   33.594   -82.080    15.000
   33.594   -82.080    15.000
   33.594   -82.080    15.000
   33.536  -108.087    15.000
   33.536  -108.087    15.000
   33.536  -108.087    15.000
   33.536  -108.087    15.000
   33.536  -108.087    15.000
   30.221   -93.306    15.000
   30.221   -93.306    15.000
   30.221   -93.306    15.000
   30.221   -93.306    15.000
   30.221   -93.306    15.000
   30.314   -84.520    15.000
   30.314   -84.520    15.000
   30.314   -84.520    15.000
   30.314   -84.520    15.000
   30.314   -84.520    15.000
   29.752   -81.855    15.000
   29.752   -81.855    15.000
   29.752   -81.855    15.000
   29.752   -81.855    15.000
   29.752   -81.855    15.000
   26.189  -109.048    15.000
   26.189  -109.048    15.000
   26.189  -109.048    15.000
   26.189  -109.048    15.000
   26.189  -109.048    15.000
   25.796  -106.968    15.000
   25.796  -106.968    15.000
   25.796  -106.968    15.000
   25.796  -106.968    15.000
   25.796  -106.968    15.000
   25.488   -76.673    15.000
   25.488   -76.673    15.000
   25.488   -76.673    15.000
   25.488   -76.673    15.000
   25.488   -76.673    15.000
   26.220  -107.956    15.000
   26.220  -107.956    15.000
   26.220  -107.956    15.000
   26.220  -107.956    15.000
   26.220  -107.956    15.000
   59.567  -128.633    15.000
   59.567  -128.633    15.000
   59.567  -128.633    15.000
   59.567  -128.633    15.000
   59.567  -128.633    15.000
   58.470  -117.700    15.000
   58.470  -117.700    15.000
   58.470  -117.700    15.000
   58.470  -117.700    15.000
   58.470  -117.700    15.000
   59.176  -112.015    15.000
   59.176  -112.015    15.000
   59.176  -112.015    15.000
   59.176  -112.015    15.000
   59.176  -112.015    15.000
   59.164  -112.046    15.000
   59.164  -112.046    15.000
   59.164  -112.046    15.000
   59.164  -112.046    15.000
   59.164  -112.046    15.000
   55.693  -127.785    15.000
   55.693  -127.785    15.000
   55.693  -127.785    15.000
   55.693  -127.785    15.000
   55.693  -127.785    15.000
   53.044  -119.803    15.000
   53.044  -119.803    15.000
   53.044  -119.803    15.000
   53.044  -119.803    15.000
   53.044  -119.803    15.000
   53.983  -117.874    15.000
   53.983  -117.874    15.000
   53.983  -117.874    15.000
   53.983  -117.874    15.000
   53.983  -117.874    15.000
   49.778  -112.532    15.000
   49.778  -112.532    15.000
   49.778  -112.532    15.000
   49.778  -112.532    15.000
   49.778  -112.532    15.000
   51.952  -105.771    15.000
   51.952  -105.771    15.000
   51.952  -105.771    15.000
   51.952  -105.771    15.000
   51.952  -105.771    15.000
   53.482  -106.633    15.000
   53.482  -106.633    15.000
   53.482  -106.633    15.000
   53.482  -106.633    15.000
   53.482  -106.633    15.000
   58.626  -117.772    15.000
   58.626  -117.772    15.000
   58.626  -117.772    15.000
   58.626  -117.772    15.000
   58.626  -117.772    15.000
   26.699   -81.355    15.000
   26.699   -81.355    15.000
   26.699   -81.355    15.000
   26.699   -81.355    15.000
   26.699   -81.355    15.000
   26.623  -108.227    15.000
   26.623  -108.227    15.000
   26.623  -108.227    15.000
   26.623  -108.227    15.000
   26.623  -108.227    15.000
   56.430  -114.365    15.000
   56.430  -114.365    15.000
   56.430  -114.365    15.000
   56.430  -114.365    15.000
   56.430  -114.365    15.000
   58.416  -117.520    15.000
   58.416  -117.520    15.000
   58.416  -117.520    15.000
   58.416  -117.520    15.000
   58.416  -117.520    15.000
   59.186  -112.031    15.000
   59.186  -112.031    15.000
   59.186  -112.031    15.000
   59.186  -112.031    15.000
   59.186  -112.031    15.000
   58.101  -117.175    15.000
   58.101  -117.175    15.000
   58.101  -117.175    15.000
   58.101  -117.175    15.000
   58.101  -117.175    15.000
   29.746   -81.825    15.000
   29.746   -81.825    15.000
   29.746   -81.825    15.000
   29.746   -81.825    15.000
   29.746   -81.825    15.000
   31.098   -92.671    15.000
   31.098   -92.671    15.000
   31.098   -92.671    15.000
   31.098   -92.671    15.000
   31.098   -92.671    15.000
   53.338  -115.851    15.000
   53.338  -115.851    15.000
   53.338  -115.851    15.000
   53.338  -115.851    15.000
   53.338  -115.851    15.000
   58.606  -117.735    15.000
   58.606  -117.735    15.000
   58.606  -117.735    15.000
   58.606  -117.735    15.000
   58.606  -117.735    15.000
   31.163  -111.014    15.000
   31.163  -111.014    15.000
   31.163  -111.014    15.000
   31.163  -111.014    15.000
   31.163  -111.014    15.000
   58.290  -117.580    15.000
   58.290  -117.580    15.000
   58.290  -117.580    15.000
   58.290  -117.580    15.000
   58.290  -117.580    15.000
   26.885   -80.451    15.000
   26.885   -80.451    15.000
   26.885   -80.451    15.000
   26.885   -80.451    15.000
   26.885   -80.451    15.000
   58.660  -117.760    15.000
   58.660  -117.760    15.000
   58.660  -117.760    15.000
   58.660  -117.760    15.000
   58.660  -117.760    15.000
   55.904  -114.453    15.000
   55.904  -114.453    15.000
   55.904  -114.453    15.000
   55.904  -114.453    15.000
   55.904  -114.453    15.000
   57.040  -117.960    15.000
   57.040  -117.960    15.000
   57.040  -117.960    15.000
   57.040  -117.960    15.000
   57.040  -117.960    15.000
   58.658  -117.831    15.000
   58.658  -117.831    15.000
   58.658  -117.831    15.000
   58.658  -117.831    15.000
   58.658  -117.831    15.000
   58.614  -117.855    15.000
   58.614  -117.855    15.000
   58.614  -117.855    15.000
   58.614  -117.855    15.000
   58.614  -117.855    15.000
   25.486  -107.130    15.000
   25.486  -107.130    15.000
   25.486  -107.130    15.000
   25.486  -107.130    15.000
   25.486  -107.130    15.000
   26.020  -107.753    15.000
   26.020  -107.753    15.000
   26.020  -107.753    15.000
   26.020  -107.753    15.000
   26.020  -107.753    15.000
   26.208  -107.301    15.000
   26.208  -107.301    15.000
   26.208  -107.301    15.000
   26.208  -107.301    15.000
   26.208  -107.301    15.000
   59.180  -112.230    15.000
   59.180  -112.230    15.000
   59.180  -112.230    15.000
   59.180  -112.230    15.000
   59.180  -112.230    15.000
   59.114  -112.076    15.000
   59.114  -112.076    15.000
   59.114  -112.076    15.000
   59.114  -112.076    15.000
   59.114  -112.076    15.000
   58.514  -117.334    15.000
   58.514  -117.334    15.000
   58.514  -117.334    15.000
   58.514  -117.334    15.000
   58.514  -117.334    15.000
   59.639  -117.383    15.000
   59.639  -117.383    15.000
   59.639  -117.383    15.000
   59.639  -117.383    15.000
   59.639  -117.383    15.000
   59.828  -124.128    15.000
   59.828  -124.128    15.000
   59.828  -124.128    15.000
   59.828  -124.128    15.000
   59.828  -124.128    15.000
   60.634  -120.310    15.000
   60.634  -120.310    15.000
   60.634  -120.310    15.000
   60.634  -120.310    15.000
   60.634  -120.310    15.000
   30.612   -83.831    15.000
   30.612   -83.831    15.000
   30.612   -83.831    15.000
   30.612   -83.831    15.000
   30.612   -83.831    15.000
   34.210   -89.408    15.000
   34.210   -89.408    15.000
   34.210   -89.408    15.000
   34.210   -89.408    15.000
   34.210   -89.408    15.000
   32.279   -84.822    15.000
   32.279   -84.822    15.000
   32.279   -84.822    15.000
   32.279   -84.822    15.000
   32.279   -84.822    15.000
   33.030   -84.963    15.000
   33.030   -84.963    15.000
   33.030   -84.963    15.000
   33.030   -84.963    15.000
   33.030   -84.963    15.000
   30.683   -84.067    15.000
   30.683   -84.067    15.000
   30.683   -84.067    15.000
   30.683   -84.067    15.000
   30.683   -84.067    15.000
   31.400   -90.733    15.000
   31.400   -90.733    15.000
   31.400   -90.733    15.000
   31.400   -90.733    15.000
   31.400   -90.733    15.000
   55.409  -119.838    15.000
   55.409  -119.838    15.000
   55.409  -119.838    15.000
   55.409  -119.838    15.000
   55.409  -119.838    15.000
   55.964  -114.709    15.000
   55.964  -114.709    15.000
   55.964  -114.709    15.000
   55.964  -114.709    15.000
   55.964  -114.709    15.000
   53.094  -116.704    15.000
   53.094  -116.704    15.000
   53.094  -116.704    15.000
   53.094  -116.704    15.000
   53.094  -116.704    15.000
   63.939  -146.116    15.000
   63.939  -146.116    15.000
   63.939  -146.116    15.000
   63.939  -146.116    15.000
   63.939  -146.116    15.000
   31.314   -87.033    15.000
   31.314   -87.033    15.000
   31.314   -87.033    15.000
   31.314   -87.033    15.000
   31.314   -87.033    15.000
   58.579  -117.771    15.000
   58.579  -117.771    15.000
   58.579  -117.771    15.000
   58.579  -117.771    15.000
   58.579  -117.771    15.000
   59.175  -113.973    15.000
   59.175  -113.973    15.000
   59.175  -113.973    15.000
   59.175  -113.973    15.000
   59.175  -113.973    15.000
   59.162  -114.001    15.000
   59.162  -114.001    15.000
   59.162  -114.001    15.000
   59.162  -114.001    15.000
   59.162  -114.001    15.000
   58.514  -117.420    15.000
   58.514  -117.420    15.000
   58.514  -117.420    15.000
   58.514  -117.420    15.000
   58.514  -117.420    15.000
   34.963   -89.323    15.000
   34.963   -89.323    15.000
   34.963   -89.323    15.000
   34.963   -89.323    15.000
   34.963   -89.323    15.000
   48.935   -96.712    15.000
   48.935   -96.712    15.000
   48.935   -96.712    15.000
   48.935   -96.712    15.000
   48.935   -96.712    15.000
   31.483   -83.812    15.000
   31.483   -83.812    15.000
   31.483   -83.812    15.000
   31.483   -83.812    15.000
   31.483   -83.812    15.000
   40.147  -122.138    15.000
   40.147  -122.138    15.000
   40.147  -122.138    15.000
   40.147  -122.138    15.000
   40.147  -122.138    15.000
   39.704  -122.091    15.000
   39.704  -122.091    15.000
   39.704  -122.091    15.000
   39.704  -122.091    15.000
   39.704  -122.091    15.000
   37.512  -120.697    15.000
   37.512  -120.697    15.000
   37.512  -120.697    15.000
   37.512  -120.697    15.000
   37.512  -120.697    15.000
   35.795   -80.926    15.000
   35.795   -80.926    15.000
   35.795   -80.926    15.000
   35.795   -80.926    15.000
   35.795   -80.926    15.000
   35.676   -85.225    15.000
   35.676   -85.225    15.000
   35.676   -85.225    15.000
   35.676   -85.225    15.000
   35.676   -85.225    15.000
   26.868   -81.735    15.000
   26.868   -81.735    15.000
   26.868   -81.735    15.000
   26.868   -81.735    15.000
   26.868   -81.735    15.000
   37.201   -76.591    15.000
   37.201   -76.591    15.000
   37.201   -76.591    15.000
   37.201   -76.591    15.000
   37.201   -76.591    15.000
   33.496   -88.837    15.000
   33.496   -88.837    15.000
   33.496   -88.837    15.000
   33.496   -88.837    15.000
   33.496   -88.837    15.000
   31.061   -84.834    15.000
   31.061   -84.834    15.000
   31.061   -84.834    15.000
   31.061   -84.834    15.000
   31.061   -84.834    15.000
   31.894   -82.276    15.000
   31.894   -82.276    15.000
   31.894   -82.276    15.000
   31.894   -82.276    15.000
   31.894   -82.276    15.000
   30.636   -84.098    15.000
   30.636   -84.098    15.000
   30.636   -84.098    15.000
   30.636   -84.098    15.000
   30.636   -84.098    15.000
   30.200   -93.329    15.000
   30.200   -93.329    15.000
   30.200   -93.329    15.000
   30.200   -93.329    15.000
   30.200   -93.329    15.000
   31.817   -92.707    15.000
   31.817   -92.707    15.000
   31.817   -92.707    15.000
   31.817   -92.707    15.000
   31.817   -92.707    15.000
   36.064   -86.441    15.000
   36.064   -86.441    15.000
   36.064   -86.441    15.000
   36.064   -86.441    15.000
   36.064   -86.441    15.000
   36.832   -77.854    15.000
   36.832   -77.854    15.000
   36.832   -77.854    15.000
   36.832   -77.854    15.000
   36.832   -77.854    15.000
   33.790  -107.617    15.000
   33.790  -107.617    15.000
   33.790  -107.617    15.000
   33.790  -107.617    15.000
   33.790  -107.617    15.000
   28.586   -98.491    15.000
   28.586   -98.491    15.000
   28.586   -98.491    15.000
   28.586   -98.491    15.000
   28.586   -98.491    15.000
   33.311  -110.455    15.000
   33.311  -110.455    15.000
   33.311  -110.455    15.000
   33.311  -110.455    15.000
   33.311  -110.455    15.000
   32.585   -80.959    15.000
   32.585   -80.959    15.000
   32.585   -80.959    15.000
   32.585   -80.959    15.000
   32.585   -80.959    15.000
   47.598  -115.973    15.000
   47.598  -115.973    15.000
   47.598  -115.973    15.000
   47.598  -115.973    15.000
   47.598  -115.973    15.000
   36.016   -89.956    15.000
   36.016   -89.956    15.000
   36.016   -89.956    15.000
   36.016   -89.956    15.000
   36.016   -89.956    15.000
   49.315   -99.746    15.000
   49.315   -99.746    15.000
   49.315   -99.746    15.000
   49.315   -99.746    15.000
   49.315   -99.746    15.000
   47.059   -97.554    15.000
   47.059   -97.554    15.000
   47.059   -97.554    15.000
   47.059   -97.554    15.000
   47.059   -97.554    15.000
   46.180   -91.987    15.000
   46.180   -91.987    15.000
   46.180   -91.987    15.000
   46.180   -91.987    15.000
   46.180   -91.987    15.000
   46.494   -97.401    15.000
   46.494   -97.401    15.000
   46.494   -97.401    15.000
   46.494   -97.401    15.000
   46.494   -97.401    15.000
   25.265  -107.560    15.000
   25.265  -107.560    15.000
   25.265  -107.560    15.000
   25.265  -107.560    15.000
   25.265  -107.560    15.000
   59.249  -111.989    15.000
   59.249  -111.989    15.000
   59.249  -111.989    15.000
   59.249  -111.989    15.000
   59.249  -111.989    15.000
   46.948   -96.026    15.000
   46.948   -96.026    15.000
   46.948   -96.026    15.000
   46.948   -96.026    15.000
   46.948   -96.026    15.000
   51.025  -102.900    15.000
   51.025  -102.900    15.000
   51.025  -102.900    15.000
   51.025  -102.900    15.000
   51.025  -102.900    15.000
   51.315  -101.961    15.000
   51.315  -101.961    15.000
   51.315  -101.961    15.000
   51.315  -101.961    15.000
   51.315  -101.961    15.000
   51.287  -103.628    15.000
   51.287  -103.628    15.000
   51.287  -103.628    15.000
   51.287  -103.628    15.000
   51.287  -103.628    15.000
   51.162  -103.273    15.000
   51.162  -103.273    15.000
   51.162  -103.273    15.000
   51.162  -103.273    15.000
   51.162  -103.273    15.000
   25.864  -108.242    15.000
   25.864  -108.242    15.000
   25.864  -108.242    15.000
   25.864  -108.242    15.000
   25.864  -108.242    15.000
   26.580  -106.978    15.000
   26.580  -106.978    15.000
   26.580  -106.978    15.000
   26.580  -106.978    15.000
   26.580  -106.978    15.000
   26.672  -108.363    15.000
   26.672  -108.363    15.000
   26.672  -108.363    15.000
   26.672  -108.363    15.000
   26.672  -108.363    15.000
   26.785  -108.515    15.000
   26.785  -108.515    15.000
   26.785  -108.515    15.000
   26.785  -108.515    15.000
   26.785  -108.515    15.000
   35.111  -118.613    15.000
   35.111  -118.613    15.000
   35.111  -118.613    15.000
   35.111  -118.613    15.000
   35.111  -118.613    15.000
   45.974   -95.223    15.000
   45.974   -95.223    15.000
   45.974   -95.223    15.000
   45.974   -95.223    15.000
   45.974   -95.223    15.000
   49.794  -101.861    15.000
   49.794  -101.861    15.000
   49.794  -101.861    15.000
   49.794  -101.861    15.000
   49.794  -101.861    15.000
   49.932  -101.968    15.000
   49.932  -101.968    15.000
   49.932  -101.968    15.000
   49.932  -101.968    15.000
   49.932  -101.968    15.000
   52.344  -107.909    15.000
   52.344  -107.909    15.000
   52.344  -107.909    15.000
   52.344  -107.909    15.000
   52.344  -107.909    15.000
   33.635   -81.768    15.000
   33.635   -81.768    15.000
   33.635   -81.768    15.000
   33.635   -81.768    15.000
   33.635   -81.768    15.000
   46.927   -95.901    15.000
   46.927   -95.901    15.000
   46.927   -95.901    15.000
   46.927   -95.901    15.000
   46.927   -95.901    15.000
   34.146   -90.152    15.000
   34.146   -90.152    15.000
   34.146   -90.152    15.000
   34.146   -90.152    15.000
   34.146   -90.152    15.000
   47.663  -100.108    15.000
   47.663  -100.108    15.000
   47.663  -100.108    15.000
   47.663  -100.108    15.000
   47.663  -100.108    15.000
   33.492   -86.128    15.000
   33.492   -86.128    15.000
   33.492   -86.128    15.000
   33.492   -86.128    15.000
   33.492   -86.128    15.000
   46.227  -116.237    15.000
   46.227  -116.237    15.000
   46.227  -116.237    15.000
   46.227  -116.237    15.000
   46.227  -116.237    15.000
   42.684  -111.590    15.000
   42.684  -111.590    15.000
   42.684  -111.590    15.000
   42.684  -111.590    15.000
   42.684  -111.590    15.000
   47.493   -97.366    15.000
   47.493   -97.366    15.000
   47.493   -97.366    15.000
   47.493   -97.366    15.000
   47.493   -97.366    15.000
   49.256  -103.811    15.000
   49.256  -103.811    15.000
   49.256  -103.811    15.000
   49.256  -103.811    15.000
   49.256  -103.811    15.000
   49.777  -101.908    15.000
   49.777  -101.908    15.000
   49.777  -101.908    15.000
   49.777  -101.908    15.000
   49.777  -101.908    15.000
   49.244  -103.847    15.000
   49.244  -103.847    15.000
   49.244  -103.847    15.000
   49.244  -103.847    15.000
   49.244  -103.847    15.000
   38.111   -87.486    15.000
   38.111   -87.486    15.000
   38.111   -87.486    15.000
   38.111   -87.486    15.000
   38.111   -87.486    15.000
   41.681   -85.696    15.000
   41.681   -85.696    15.000
   41.681   -85.696    15.000
   41.681   -85.696    15.000
   41.681   -85.696    15.000
   51.306  -100.119    15.000
   51.306  -100.119    15.000
   51.306  -100.119    15.000
   51.306  -100.119    15.000
   51.306  -100.119    15.000
   51.413  -100.174    15.000
   51.413  -100.174    15.000
   51.413  -100.174    15.000
   51.413  -100.174    15.000
   51.413  -100.174    15.000
   49.747  -101.109    15.000
   49.747  -101.109    15.000
   49.747  -101.109    15.000
   49.747  -101.109    15.000
   49.747  -101.109    15.000
   51.731  -105.668    15.000
   51.731  -105.668    15.000
   51.731  -105.668    15.000
   51.731  -105.668    15.000
   51.731  -105.668    15.000
   52.047  -103.909    15.000
   52.047  -103.909    15.000
   52.047  -103.909    15.000
   52.047  -103.909    15.000
   52.047  -103.909    15.000
   38.292   -87.572    15.000
   38.292   -87.572    15.000
   38.292   -87.572    15.000
   38.292   -87.572    15.000
   38.292   -87.572    15.000
   33.444   -88.567    15.000
   33.444   -88.567    15.000
   33.444   -88.567    15.000
   33.444   -88.567    15.000
   33.444   -88.567    15.000
   48.101   -97.408    15.000
   48.101   -97.408    15.000
   48.101   -97.408    15.000
   48.101   -97.408    15.000
   48.101   -97.408    15.000
   48.654  -100.380    15.000
   48.654  -100.380    15.000
   48.654  -100.380    15.000
   48.654  -100.380    15.000
   48.654  -100.380    15.000
   46.978   -97.554    15.000
   46.978   -97.554    15.000
   46.978   -97.554    15.000
   46.978   -97.554    15.000
   46.978   -97.554    15.000
   47.495   -97.128    15.000
   47.495   -97.128    15.000
   47.495   -97.128    15.000
   47.495   -97.128    15.000
   47.495   -97.128    15.000
   46.133   -97.300    15.000
   46.133   -97.300    15.000
   46.133   -97.300    15.000
   46.133   -97.300    15.000
   46.133   -97.300    15.000
   46.680   -97.898    15.000
   46.680   -97.898    15.000
   46.680   -97.898    15.000
   46.680   -97.898    15.000
   46.680   -97.898    15.000
   46.904   -97.674    15.000
   46.904   -97.674    15.000
   46.904   -97.674    15.000
   46.904   -97.674    15.000
   46.904   -97.674    15.000
   46.931   -97.337    15.000
   46.931   -97.337    15.000
   46.931   -97.337    15.000
   46.931   -97.337    15.000
   46.931   -97.337    15.000
   47.456   -97.117    15.000
   47.456   -97.117    15.000
   47.456   -97.117    15.000
   47.456   -97.117    15.000
   47.456   -97.117    15.000
   45.497   -98.136    15.000
   45.497   -98.136    15.000
   45.497   -98.136    15.000
   45.497   -98.136    15.000
   45.497   -98.136    15.000
   47.881   -99.904    15.000
   47.881   -99.904    15.000
   47.881   -99.904    15.000
   47.881   -99.904    15.000
   47.881   -99.904    15.000
   46.711   -94.890    15.000
   46.711   -94.890    15.000
   46.711   -94.890    15.000
   46.711   -94.890    15.000
   46.711   -94.890    15.000
   36.625   -81.093    15.000
   36.625   -81.093    15.000
   36.625   -81.093    15.000
   36.625   -81.093    15.000
   36.625   -81.093    15.000
   32.193  -102.005    15.000
   32.193  -102.005    15.000
   32.193  -102.005    15.000
   32.193  -102.005    15.000
   32.193  -102.005    15.000
   32.211  -101.936    15.000
   32.211  -101.936    15.000
   32.211  -101.936    15.000
   32.211  -101.936    15.000
   32.211  -101.936    15.000
   32.203   -97.844    15.000
   32.203   -97.844    15.000
   32.203   -97.844    15.000
   32.203   -97.844    15.000
   32.203   -97.844    15.000
   32.360  -103.840    15.000
   32.360  -103.840    15.000
   32.360  -103.840    15.000
   32.360  -103.840    15.000
   32.360  -103.840    15.000
   31.739  -101.800    15.000
   31.739  -101.800    15.000
   31.739  -101.800    15.000
   31.739  -101.800    15.000
   31.739  -101.800    15.000
   31.364  -101.778    15.000
   31.364  -101.778    15.000
   31.364  -101.778    15.000
   31.364  -101.778    15.000
   31.364  -101.778    15.000
   36.538   -86.894    15.000
   36.538   -86.894    15.000
   36.538   -86.894    15.000
   36.538   -86.894    15.000
   36.538   -86.894    15.000
   34.762   -87.586    15.000
   34.762   -87.586    15.000
   34.762   -87.586    15.000
   34.762   -87.586    15.000
   34.762   -87.586    15.000
   34.640   -87.081    15.000
   34.640   -87.081    15.000
   34.640   -87.081    15.000
   34.640   -87.081    15.000
   34.640   -87.081    15.000
   36.597   -86.525    15.000
   36.597   -86.525    15.000
   36.597   -86.525    15.000
   36.597   -86.525    15.000
   36.597   -86.525    15.000
   46.821   -97.776    15.000
   46.821   -97.776    15.000
   46.821   -97.776    15.000
   46.821   -97.776    15.000
   46.821   -97.776    15.000
   33.495  -108.048    15.000
   33.495  -108.048    15.000
   33.495  -108.048    15.000
   33.495  -108.048    15.000
   33.495  -108.048    15.000
   30.630  -100.231    15.000
   30.630  -100.231    15.000
   30.630  -100.231    15.000
   30.630  -100.231    15.000
   30.630  -100.231    15.000
   31.845  -102.015    15.000
   31.845  -102.015    15.000
   31.845  -102.015    15.000
   31.845  -102.015    15.000
   31.845  -102.015    15.000
   30.309   -82.436    15.000
   30.309   -82.436    15.000
   30.309   -82.436    15.000
   30.309   -82.436    15.000
   30.309   -82.436    15.000
   45.741   -99.356    15.000
   45.741   -99.356    15.000
   45.741   -99.356    15.000
   45.741   -99.356    15.000
   45.741   -99.356    15.000
   32.159   -83.339    15.000
   32.159   -83.339    15.000
   32.159   -83.339    15.000
   32.159   -83.339    15.000
   32.159   -83.339    15.000
   32.564  -114.587    15.000
   32.564  -114.587    15.000
   32.564  -114.587    15.000
   32.564  -114.587    15.000
   32.564  -114.587    15.000
   34.825   -84.759    15.000
   34.825   -84.759    15.000
   34.825   -84.759    15.000
   34.825   -84.759    15.000
   34.825   -84.759    15.000
   48.936  -119.406    15.000
   48.936  -119.406    15.000
   48.936  -119.406    15.000
   48.936  -119.406    15.000
   48.936  -119.406    15.000
   45.932   -95.935    15.000
   45.932   -95.935    15.000
   45.932   -95.935    15.000
   45.932   -95.935    15.000
   45.932   -95.935    15.000
   37.364  -120.842    15.000
   37.364  -120.842    15.000
   37.364  -120.842    15.000
   37.364  -120.842    15.000
   37.364  -120.842    15.000
   45.875   -95.734    15.000
   45.875   -95.734    15.000
   45.875   -95.734    15.000
   45.875   -95.734    15.000
   45.875   -95.734    15.000
   34.651   -77.266    15.000
   34.651   -77.266    15.000
   34.651   -77.266    15.000
   34.651   -77.266    15.000
   34.651   -77.266    15.000
   30.680   -83.130    15.000
   30.680   -83.130    15.000
   30.680   -83.130    15.000
   30.680   -83.130    15.000
   30.680   -83.130    15.000
   30.933   -92.138    15.000
   30.933   -92.138    15.000
   30.933   -92.138    15.000
   30.933   -92.138    15.000
   30.933   -92.138    15.000
   48.692   -96.612    15.000
   48.692   -96.612    15.000
   48.692   -96.612    15.000
   48.692   -96.612    15.000
   48.692   -96.612    15.000
   36.636   -86.577    15.000
   36.636   -86.577    15.000
   36.636   -86.577    15.000
   36.636   -86.577    15.000
   36.636   -86.577    15.000
   31.026   -91.707    15.000
   31.026   -91.707    15.000
   31.026   -91.707    15.000
   31.026   -91.707    15.000
   31.026   -91.707    15.000
   45.949   -98.749    15.000
   45.949   -98.749    15.000
   45.949   -98.749    15.000
   45.949   -98.749    15.000
   45.949   -98.749    15.000
   48.237   -96.478    15.000
   48.237   -96.478    15.000
   48.237   -96.478    15.000
   48.237   -96.478    15.000
   48.237   -96.478    15.000
   47.798   -90.938    15.000
   47.798   -90.938    15.000
   47.798   -90.938    15.000
   47.798   -90.938    15.000
   47.798   -90.938    15.000
   28.343   -81.742    15.000
   28.343   -81.742    15.000
   28.343   -81.742    15.000
   28.343   -81.742    15.000
   28.343   -81.742    15.000
   33.764   -83.077    15.000
   33.764   -83.077    15.000
   33.764   -83.077    15.000
   33.764   -83.077    15.000
   33.764   -83.077    15.000
   26.053  -107.097    15.000
   26.053  -107.097    15.000
   26.053  -107.097    15.000
   26.053  -107.097    15.000
   26.053  -107.097    15.000
   46.024   -97.898    15.000
   46.024   -97.898    15.000
   46.024   -97.898    15.000
   46.024   -97.898    15.000
   46.024   -97.898    15.000
   48.289   -98.894    15.000
   48.289   -98.894    15.000
   48.289   -98.894    15.000
   48.289   -98.894    15.000
   48.289   -98.894    15.000
   35.937   -89.714    15.000
   35.937   -89.714    15.000
   35.937   -89.714    15.000
   35.937   -89.714    15.000
   35.937   -89.714    15.000
   34.460  -112.482    15.000
   34.460  -112.482    15.000
   34.460  -112.482    15.000
   34.460  -112.482    15.000
   34.460  -112.482    15.000
   58.397  -117.732    15.000
   58.397  -117.732    15.000
   58.397  -117.732    15.000
   58.397  -117.732    15.000
   58.397  -117.732    15.000
   58.285  -117.677    15.000
   58.285  -117.677    15.000
   58.285  -117.677    15.000
   58.285  -117.677    15.000
   58.285  -117.677    15.000
   58.303  -117.691    15.000
   58.303  -117.691    15.000
   58.303  -117.691    15.000
   58.303  -117.691    15.000
   58.303  -117.691    15.000
   58.437  -117.798    15.000
   58.437  -117.798    15.000
   58.437  -117.798    15.000
   58.437  -117.798    15.000
   58.437  -117.798    15.000
   59.577  -117.306    15.000
   59.577  -117.306    15.000
   59.577  -117.306    15.000
   59.577  -117.306    15.000
   59.577  -117.306    15.000
   57.110  -118.150    15.000
   57.110  -118.150    15.000
   57.110  -118.150    15.000
   57.110  -118.150    15.000
   57.110  -118.150    15.000
   56.063  -114.503    15.000
   56.063  -114.503    15.000
   56.063  -114.503    15.000
   56.063  -114.503    15.000
   56.063  -114.503    15.000
   56.003  -114.665    15.000
   56.003  -114.665    15.000
   56.003  -114.665    15.000
   56.003  -114.665    15.000
   56.003  -114.665    15.000
   57.160  -117.850    15.000
   57.160  -117.850    15.000
   57.160  -117.850    15.000
   57.160  -117.850    15.000
   57.160  -117.850    15.000
   58.200  -117.540    15.000
   58.200  -117.540    15.000
   58.200  -117.540    15.000
   58.200  -117.540    15.000
   58.200  -117.540    15.000
   58.632  -117.932    15.000
   58.632  -117.932    15.000
   58.632  -117.932    15.000
   58.632  -117.932    15.000
   58.632  -117.932    15.000
   58.597  -117.773    15.000
   58.597  -117.773    15.000
   58.597  -117.773    15.000
   58.597  -117.773    15.000
   58.597  -117.773    15.000
   57.210  -117.770    15.000
   57.210  -117.770    15.000
   57.210  -117.770    15.000
   57.210  -117.770    15.000
   57.210  -117.770    15.000
   57.210  -117.920    15.000
   57.210  -117.920    15.000
   57.210  -117.920    15.000
   57.210  -117.920    15.000
   57.210  -117.920    15.000
   58.632  -117.648    15.000
   58.632  -117.648    15.000
   58.632  -117.648    15.000
   58.632  -117.648    15.000
   58.632  -117.648    15.000
   58.605  -117.930    15.000
   58.605  -117.930    15.000
   58.605  -117.930    15.000
   58.605  -117.930    15.000
   58.605  -117.930    15.000
   57.063  -118.150    15.000
   57.063  -118.150    15.000
   57.063  -118.150    15.000
   57.063  -118.150    15.000
   57.063  -118.150    15.000
   55.930  -114.770    15.000
   55.930  -114.770    15.000
   55.930  -114.770    15.000
   55.930  -114.770    15.000
   55.930  -114.770    15.000
   55.875  -114.700    15.000
   55.875  -114.700    15.000
   55.875  -114.700    15.000
   55.875  -114.700    15.000
   55.875  -114.700    15.000
   55.875  -114.635    15.000
   55.875  -114.635    15.000
   55.875  -114.635    15.000
   55.875  -114.635    15.000
   55.875  -114.635    15.000
   58.550  -117.830    15.000
   58.550  -117.830    15.000
   58.550  -117.830    15.000
   58.550  -117.830    15.000
   58.550  -117.830    15.000
   58.670  -117.840    15.000
   58.670  -117.840    15.000
   58.670  -117.840    15.000
   58.670  -117.840    15.000
   58.670  -117.840    15.000
   58.519  -117.827    15.000
   58.519  -117.827    15.000
   58.519  -117.827    15.000
   58.519  -117.827    15.000
   58.519  -117.827    15.000
   57.190  -118.040    15.000
   57.190  -118.040    15.000
   57.190  -118.040    15.000
   57.190  -118.040    15.000
   57.190  -118.040    15.000
   57.190  -118.090    15.000
   57.190  -118.090    15.000
   57.190  -118.090    15.000
   57.190  -118.090    15.000
   57.190  -118.090    15.000
   58.230  -117.570    15.000
   58.230  -117.570    15.000
   58.230  -117.570    15.000
   58.230  -117.570    15.000
   58.230  -117.570    15.000
   57.233  -117.959    15.000
   57.233  -117.959    15.000
   57.233  -117.959    15.000
   57.233  -117.959    15.000
   57.233  -117.959    15.000
   58.177  -117.500    15.000
   58.177  -117.500    15.000
   58.177  -117.500    15.000
   58.177  -117.500    15.000
   58.177  -117.500    15.000
   58.440  -117.700    15.000
   58.440  -117.700    15.000
   58.440  -117.700    15.000
   58.440  -117.700    15.000
   58.440  -117.700    15.000
   56.390  -114.300    15.000
   56.390  -114.300    15.000
   56.390  -114.300    15.000
   56.390  -114.300    15.000
   56.390  -114.300    15.000
   56.016  -114.715    15.000
   56.016  -114.715    15.000
   56.016  -114.715    15.000
   56.016  -114.715    15.000
   56.016  -114.715    15.000
   55.910  -114.794    15.000
   55.910  -114.794    15.000
   55.910  -114.794    15.000
   55.910  -114.794    15.000
   55.910  -114.794    15.000
   58.482  -117.787    15.000
   58.482  -117.787    15.000
   58.482  -117.787    15.000
   58.482  -117.787    15.000
   58.482  -117.787    15.000
   59.630  -117.050    15.000
   59.630  -117.050    15.000
   59.630  -117.050    15.000
   59.630  -117.050    15.000
   59.630  -117.050    15.000
   58.640  -117.790    15.000
   58.640  -117.790    15.000
   58.640  -117.790    15.000
   58.640  -117.790    15.000
   58.640  -117.790    15.000
   58.630  -117.750    15.000
   58.630  -117.750    15.000
   58.630  -117.750    15.000
   58.630  -117.750    15.000
   58.630  -117.750    15.000
   49.829  -101.701    15.000
   49.829  -101.701    15.000
   49.829  -101.701    15.000
   49.829  -101.701    15.000
   49.829  -101.701    15.000
   47.190   -96.630    15.000
   47.190   -96.630    15.000
   47.190   -96.630    15.000
   47.190   -96.630    15.000
   47.190   -96.630    15.000
   58.660  -117.770    15.000
   58.660  -117.770    15.000
   58.660  -117.770    15.000
   58.660  -117.770    15.000
   58.660  -117.770    15.000
   51.777   -93.895    15.000
   51.777   -93.895    15.000
   51.777   -93.895    15.000
   51.777   -93.895    15.000
   51.777   -93.895    15.000
   55.960  -114.317    15.000
   55.960  -114.317    15.000
   55.960  -114.317    15.000
   55.960  -114.317    15.000
   55.960  -114.317    15.000
   55.943  -114.352    15.000
   55.943  -114.352    15.000
   55.943  -114.352    15.000
   55.943  -114.352    15.000
   55.943  -114.352    15.000
   55.830  -114.080    15.000
   55.830  -114.080    15.000
   55.830  -114.080    15.000
   55.830  -114.080    15.000
   55.830  -114.080    15.000
   56.240  -114.350    15.000
   56.240  -114.350    15.000
   56.240  -114.350    15.000
   56.240  -114.350    15.000
   56.240  -114.350    15.000
   55.970  -114.280    15.000
   55.970  -114.280    15.000
   55.970  -114.280    15.000
   55.970  -114.280    15.000
   55.970  -114.280    15.000
   55.770  -114.620    15.000
   55.770  -114.620    15.000
   55.770  -114.620    15.000
   55.770  -114.620    15.000
   55.770  -114.620    15.000
   55.830  -114.160    15.000
   55.830  -114.160    15.000
   55.830  -114.160    15.000
   55.830  -114.160    15.000
   55.830  -114.160    15.000
   55.870  -114.180    15.000
   55.870  -114.180    15.000
   55.870  -114.180    15.000
   55.870  -114.180    15.000
   55.870  -114.180    15.000
   55.785  -114.186    15.000
   55.785  -114.186    15.000
   55.785  -114.186    15.000
   55.785  -114.186    15.000
   55.785  -114.186    15.000
   55.989  -114.461    15.000
   55.989  -114.461    15.000
   55.989  -114.461    15.000
   55.989  -114.461    15.000
   55.989  -114.461    15.000
   56.320  -114.330    15.000
   56.320  -114.330    15.000
   56.320  -114.330    15.000
   56.320  -114.330    15.000
   56.320  -114.330    15.000
   55.777  -114.333    15.000
   55.777  -114.333    15.000
   55.777  -114.333    15.000
   55.777  -114.333    15.000
   55.777  -114.333    15.000
   55.775  -114.270    15.000
   55.775  -114.270    15.000
   55.775  -114.270    15.000
   55.775  -114.270    15.000
   55.775  -114.270    15.000
   56.285  -114.340    15.000
   56.285  -114.340    15.000
   56.285  -114.340    15.000
   56.285  -114.340    15.000
   56.285  -114.340    15.000
   55.830  -114.040    15.000
   55.830  -114.040    15.000
   55.830  -114.040    15.000
   55.830  -114.040    15.000
   55.830  -114.040    15.000
   55.980  -114.240    15.000
   55.980  -114.240    15.000
   55.980  -114.240    15.000
   55.980  -114.240    15.000
   55.980  -114.240    15.000
   55.900  -114.400    15.000
   55.900  -114.400    15.000
   55.900  -114.400    15.000
   55.900  -114.400    15.000
   55.900  -114.400    15.000
   55.830  -114.380    15.000
   55.830  -114.380    15.000
   55.830  -114.380    15.000
   55.830  -114.380    15.000
   55.830  -114.380    15.000
   55.890  -114.360    15.000
   55.890  -114.360    15.000
   55.890  -114.360    15.000
   55.890  -114.360    15.000
   55.890  -114.360    15.000
   56.020  -114.560    15.000
   56.020  -114.560    15.000
   56.020  -114.560    15.000
   56.020  -114.560    15.000
   56.020  -114.560    15.000
   56.386  -114.387    15.000
   56.386  -114.387    15.000
   56.386  -114.387    15.000
   56.386  -114.387    15.000
   56.386  -114.387    15.000
   55.780  -114.380    15.000
   55.780  -114.380    15.000
   55.780  -114.380    15.000
   55.780  -114.380    15.000
   55.780  -114.380    15.000
   55.870  -114.760    15.000
   55.870  -114.760    15.000
   55.870  -114.760    15.000
   55.870  -114.760    15.000
   55.870  -114.760    15.000
   55.890  -114.660    15.000
   55.890  -114.660    15.000
   55.890  -114.660    15.000
   55.890  -114.660    15.000
   55.890  -114.660    15.000
   55.863  -114.359    15.000
   55.863  -114.359    15.000
   55.863  -114.359    15.000
   55.863  -114.359    15.000
   55.863  -114.359    15.000
   56.040  -114.320    15.000
   56.040  -114.320    15.000
   56.040  -114.320    15.000
   56.040  -114.320    15.000
   56.040  -114.320    15.000
   58.231  -117.681    15.000
   58.231  -117.681    15.000
   58.231  -117.681    15.000
   58.231  -117.681    15.000
   58.231  -117.681    15.000
   58.328  -117.793    15.000
   58.328  -117.793    15.000
   58.328  -117.793    15.000
   58.328  -117.793    15.000
   58.328  -117.793    15.000
   59.208  -112.547    15.000
   59.208  -112.547    15.000
   59.208  -112.547    15.000
   59.208  -112.547    15.000
   59.208  -112.547    15.000
   57.130  -117.774    15.000
   57.130  -117.774    15.000
   57.130  -117.774    15.000
   57.130  -117.774    15.000
   57.130  -117.774    15.000
   58.586  -117.561    15.000
   58.586  -117.561    15.000
   58.586  -117.561    15.000
   58.586  -117.561    15.000
   58.586  -117.561    15.000
   58.560  -117.366    15.000
   58.560  -117.366    15.000
   58.560  -117.366    15.000
   58.560  -117.366    15.000
   58.560  -117.366    15.000
   58.258  -117.249    15.000
   58.258  -117.249    15.000
   58.258  -117.249    15.000
   58.258  -117.249    15.000
   58.258  -117.249    15.000
   58.270  -117.206    15.000
   58.270  -117.206    15.000
   58.270  -117.206    15.000
   58.270  -117.206    15.000
   58.270  -117.206    15.000
   58.566  -117.485    15.000
   58.566  -117.485    15.000
   58.566  -117.485    15.000
   58.566  -117.485    15.000
   58.566  -117.485    15.000
   58.559  -117.421    15.000
   58.559  -117.421    15.000
   58.559  -117.421    15.000
   58.559  -117.421    15.000
   58.559  -117.421    15.000
   59.260  -112.579    15.000
   59.260  -112.579    15.000
   59.260  -112.579    15.000
   59.260  -112.579    15.000
   59.260  -112.579    15.000
   59.361  -112.265    15.000
   59.361  -112.265    15.000
   59.361  -112.265    15.000
   59.361  -112.265    15.000
   59.361  -112.265    15.000
   57.989  -117.341    15.000
   57.989  -117.341    15.000
   57.989  -117.341    15.000
   57.989  -117.341    15.000
   57.989  -117.341    15.000
   58.065  -117.195    15.000
   58.065  -117.195    15.000
   58.065  -117.195    15.000
   58.065  -117.195    15.000
   58.065  -117.195    15.000
   58.040  -117.225    15.000
   58.040  -117.225    15.000
   58.040  -117.225    15.000
   58.040  -117.225    15.000
   58.040  -117.225    15.000
   58.015  -117.255    15.000
   58.015  -117.255    15.000
   58.015  -117.255    15.000
   58.015  -117.255    15.000
   58.015  -117.255    15.000
   58.000  -117.064    15.000
   58.000  -117.064    15.000
   58.000  -117.064    15.000
   58.000  -117.064    15.000
   58.000  -117.064    15.000
   57.936  -117.340    15.000
   57.936  -117.340    15.000
   57.936  -117.340    15.000
   57.936  -117.340    15.000
   57.936  -117.340    15.000
   58.026  -117.036    15.000
   58.026  -117.036    15.000
   58.026  -117.036    15.000
   58.026  -117.036    15.000
   58.026  -117.036    15.000
   59.236  -112.357    15.000
   59.236  -112.357    15.000
   59.236  -112.357    15.000
   59.236  -112.357    15.000
   59.236  -112.357    15.000
   59.186  -112.430    15.000
   59.186  -112.430    15.000
   59.186  -112.430    15.000
   59.186  -112.430    15.000
   59.186  -112.430    15.000
   57.108  -117.815    15.000
   57.108  -117.815    15.000
   57.108  -117.815    15.000
   57.108  -117.815    15.000
   57.108  -117.815    15.000
   59.310  -112.538    15.000
   59.310  -112.538    15.000
   59.310  -112.538    15.000
   59.310  -112.538    15.000
   59.310  -112.538    15.000
   59.344  -112.365    15.000
   59.344  -112.365    15.000
   59.344  -112.365    15.000
   59.344  -112.365    15.000
   59.344  -112.365    15.000
   59.307  -112.383    15.000
   59.307  -112.383    15.000
   59.307  -112.383    15.000
   59.307  -112.383    15.000
   59.307  -112.383    15.000
   59.360  -112.164    15.000
   59.360  -112.164    15.000
   59.360  -112.164    15.000
   59.360  -112.164    15.000
   59.360  -112.164    15.000
   59.282  -112.599    15.000
   59.282  -112.599    15.000
   59.282  -112.599    15.000
   59.282  -112.599    15.000
   59.282  -112.599    15.000
   58.102  -117.177    15.000
   58.102  -117.177    15.000
   58.102  -117.177    15.000
   58.102  -117.177    15.000
   58.102  -117.177    15.000
   58.077  -117.036    15.000
   58.077  -117.036    15.000
   58.077  -117.036    15.000
   58.077  -117.036    15.000
   58.077  -117.036    15.000
   59.501  -117.275    15.000
   59.501  -117.275    15.000
   59.501  -117.275    15.000
   59.501  -117.275    15.000
   59.501  -117.275    15.000
   59.493  -117.316    15.000
   59.493  -117.316    15.000
   59.493  -117.316    15.000
   59.493  -117.316    15.000
   59.493  -117.316    15.000
   58.065  -117.138    15.000
   58.065  -117.138    15.000
   58.065  -117.138    15.000
   58.065  -117.138    15.000
   58.065  -117.138    15.000
   58.078  -117.096    15.000
   58.078  -117.096    15.000
   58.078  -117.096    15.000
   58.078  -117.096    15.000
   58.078  -117.096    15.000
   58.314  -117.832    15.000
   58.314  -117.832    15.000
   58.314  -117.832    15.000
   58.314  -117.832    15.000
   58.314  -117.832    15.000
   59.171  -112.280    15.000
   59.171  -112.280    15.000
   59.171  -112.280    15.000
   59.171  -112.280    15.000
   59.171  -112.280    15.000
   58.002  -117.297    15.000
   58.002  -117.297    15.000
   58.002  -117.297    15.000
   58.002  -117.297    15.000
   58.002  -117.297    15.000
   59.303  -112.346    15.000
   59.303  -112.346    15.000
   59.303  -112.346    15.000
   59.303  -112.346    15.000
   59.303  -112.346    15.000
   59.147  -112.326    15.000
   59.147  -112.326    15.000
   59.147  -112.326    15.000
   59.147  -112.326    15.000
   59.147  -112.326    15.000
   58.302  -117.876    15.000
   58.302  -117.876    15.000
   58.302  -117.876    15.000
   58.302  -117.876    15.000
   58.302  -117.876    15.000
   59.557  -117.342    15.000
   59.557  -117.342    15.000
   59.557  -117.342    15.000
   59.557  -117.342    15.000
   59.557  -117.342    15.000
   59.577  -117.468    15.000
   59.577  -117.468    15.000
   59.577  -117.468    15.000
   59.577  -117.468    15.000
   59.577  -117.468    15.000
   59.478  -117.353    15.000
   59.478  -117.353    15.000
   59.478  -117.353    15.000
   59.478  -117.353    15.000
   59.478  -117.353    15.000
   57.250  -117.911    15.000
   57.250  -117.911    15.000
   57.250  -117.911    15.000
   57.250  -117.911    15.000
   57.250  -117.911    15.000
   58.110  -117.134    15.000
   58.110  -117.134    15.000
   58.110  -117.134    15.000
   58.110  -117.134    15.000
   58.110  -117.134    15.000
   59.116  -112.091    15.000
   59.116  -112.091    15.000
   59.116  -112.091    15.000
   59.116  -112.091    15.000
   59.116  -112.091    15.000
   55.000   -98.500    15.000
   55.000   -98.500    15.000
   55.000   -98.500    15.000
   55.000   -98.500    15.000
   55.000   -98.500    15.000
0024
0
  10000.0
1
./
ERA5-20190530-00-casestudy-31km.arl
1
PM25
0.001
    24.000
19 05 30 00 00
1
   55.000   -98.500
    0.100     0.100
   30.000    92.000
./
hysplit.con
1
10
19 05 30 00 00
19 05 31 00 00
0 1 0
1
1 1 1
0 0 0 0 0
0 0.000336 8.4e-05
0
0.0
