19 05 27 00
1015
   63.923  -146.055    15.000
   63.923  -146.055    15.000
   63.923  -146.055    15.000
   63.923  -146.055    15.000
   63.923  -146.055    15.000
   64.015  -146.168    15.000
   64.015  -146.168    15.000
   64.015  -146.168    15.000
   64.015  -146.168    15.000
   64.015  -146.168    15.000
   68.040  -141.900    15.000
   68.040  -141.900    15.000
   68.040  -141.900    15.000
   68.040  -141.900    15.000
   68.040  -141.900    15.000
   63.963  -146.175    15.000
   63.963  -146.175    15.000
   63.963  -146.175    15.000
   63.963  -146.175    15.000
   63.963  -146.175    15.000
   54.424  -122.814    15.000
   54.424  -122.814    15.000
   54.424  -122.814    15.000
   54.424  -122.814    15.000
   54.424  -122.814    15.000
   59.267  -112.169    15.000
   59.267  -112.169    15.000
   59.267  -112.169    15.000
   59.267  -112.169    15.000
   59.267  -112.169    15.000
   59.204  -112.267    15.000
   59.204  -112.267    15.000
   59.204  -112.267    15.000
   59.204  -112.267    15.000
   59.204  -112.267    15.000
   27.202  -109.913    15.000
   27.202  -109.913    15.000
   27.202  -109.913    15.000
   27.202  -109.913    15.000
   27.202  -109.913    15.000
   59.318  -112.256    15.000
   59.318  -112.256    15.000
   59.318  -112.256    15.000
   59.318  -112.256    15.000
   59.318  -112.256    15.000
   26.892  -101.457    15.000
   26.892  -101.457    15.000
   26.892  -101.457    15.000
   26.892  -101.457    15.000
   26.892  -101.457    15.000
   30.058   -93.339    15.000
   30.058   -93.339    15.000
   30.058   -93.339    15.000
   30.058   -93.339    15.000
   30.058   -93.339    15.000
   40.277   -84.190    15.000
   40.277   -84.190    15.000
   40.277   -84.190    15.000
   40.277   -84.190    15.000
   40.277   -84.190    15.000
   31.362  -101.779    15.000
   31.362  -101.779    15.000
   31.362  -101.779    15.000
   31.362  -101.779    15.000
   31.362  -101.779    15.000
   25.248  -107.071    15.000
   25.248  -107.071    15.000
   25.248  -107.071    15.000
   25.248  -107.071    15.000
   25.248  -107.071    15.000
   25.431  -107.396    15.000
   25.431  -107.396    15.000
   25.431  -107.396    15.000
   25.431  -107.396    15.000
   25.431  -107.396    15.000
   25.435  -107.416    15.000
   25.435  -107.416    15.000
   25.435  -107.416    15.000
   25.435  -107.416    15.000
   25.435  -107.416    15.000
   31.886  -112.864    15.000
   31.886  -112.864    15.000
   31.886  -112.864    15.000
   31.886  -112.864    15.000
   31.886  -112.864    15.000
   32.159  -101.943    15.000
   32.159  -101.943    15.000
   32.159  -101.943    15.000
   32.159  -101.943    15.000
   32.159  -101.943    15.000
   31.517   -92.624    15.000
   31.517   -92.624    15.000
   31.517   -92.624    15.000
   31.517   -92.624    15.000
   31.517   -92.624    15.000
   28.667   -98.285    15.000
   28.667   -98.285    15.000
   28.667   -98.285    15.000
   28.667   -98.285    15.000
   28.667   -98.285    15.000
   63.969  -146.181    15.000
   63.969  -146.181    15.000
   63.969  -146.181    15.000
   63.969  -146.181    15.000
   63.969  -146.181    15.000
   63.923  -146.082    15.000
   63.923  -146.082    15.000
   63.923  -146.082    15.000
   63.923  -146.082    15.000
   63.923  -146.082    15.000
   46.637   -91.299    15.000
   46.637   -91.299    15.000
   46.637   -91.299    15.000
   46.637   -91.299    15.000
   46.637   -91.299    15.000
   44.860  -119.853    15.000
   44.860  -119.853    15.000
   44.860  -119.853    15.000
   44.860  -119.853    15.000
   44.860  -119.853    15.000
   33.420  -110.861    15.000
   33.420  -110.861    15.000
   33.420  -110.861    15.000
   33.420  -110.861    15.000
   33.420  -110.861    15.000
   42.682  -111.593    15.000
   42.682  -111.593    15.000
   42.682  -111.593    15.000
   42.682  -111.593    15.000
   42.682  -111.593    15.000
   31.999   -81.562    15.000
   31.999   -81.562    15.000
   31.999   -81.562    15.000
   31.999   -81.562    15.000
   31.999   -81.562    15.000
   57.117  -118.118    15.000
   57.117  -118.118    15.000
   57.117  -118.118    15.000
   57.117  -118.118    15.000
   57.117  -118.118    15.000
   59.350  -112.124    15.000
   59.350  -112.124    15.000
   59.350  -112.124    15.000
   59.350  -112.124    15.000
   59.350  -112.124    15.000
   59.175  -113.917    15.000
   59.175  -113.917    15.000
   59.175  -113.917    15.000
   59.175  -113.917    15.000
   59.175  -113.917    15.000
   59.251  -112.129    15.000
   59.251  -112.129    15.000
   59.251  -112.129    15.000
   59.251  -112.129    15.000
   59.251  -112.129    15.000
   26.631  -108.208    15.000
   26.631  -108.208    15.000
   26.631  -108.208    15.000
   26.631  -108.208    15.000
   26.631  -108.208    15.000
   27.155  -107.833    15.000
   27.155  -107.833    15.000
   27.155  -107.833    15.000
   27.155  -107.833    15.000
   27.155  -107.833    15.000
   25.403  -107.224    15.000
   25.403  -107.224    15.000
   25.403  -107.224    15.000
   25.403  -107.224    15.000
   25.403  -107.224    15.000
   26.257  -107.331    15.000
   26.257  -107.331    15.000
   26.257  -107.331    15.000
   26.257  -107.331    15.000
   26.257  -107.331    15.000
   28.471  -105.727    15.000
   28.471  -105.727    15.000
   28.471  -105.727    15.000
   28.471  -105.727    15.000
   28.471  -105.727    15.000
   30.216  -108.464    15.000
   30.216  -108.464    15.000
   30.216  -108.464    15.000
   30.216  -108.464    15.000
   30.216  -108.464    15.000
   60.821  -137.646    15.000
   60.821  -137.646    15.000
   60.821  -137.646    15.000
   60.821  -137.646    15.000
   60.821  -137.646    15.000
   58.620  -117.806    15.000
   58.620  -117.806    15.000
   58.620  -117.806    15.000
   58.620  -117.806    15.000
   58.620  -117.806    15.000
   58.988  -127.393    15.000
   58.988  -127.393    15.000
   58.988  -127.393    15.000
   58.988  -127.393    15.000
   58.988  -127.393    15.000
   56.002  -114.719    15.000
   56.002  -114.719    15.000
   56.002  -114.719    15.000
   56.002  -114.719    15.000
   56.002  -114.719    15.000
   55.988  -114.556    15.000
   55.988  -114.556    15.000
   55.988  -114.556    15.000
   55.988  -114.556    15.000
   55.988  -114.556    15.000
   55.994  -114.524    15.000
   55.994  -114.524    15.000
   55.994  -114.524    15.000
   55.994  -114.524    15.000
   55.994  -114.524    15.000
   58.617  -117.724    15.000
   58.617  -117.724    15.000
   58.617  -117.724    15.000
   58.617  -117.724    15.000
   58.617  -117.724    15.000
   55.824  -114.425    15.000
   55.824  -114.425    15.000
   55.824  -114.425    15.000
   55.824  -114.425    15.000
   55.824  -114.425    15.000
   59.318  -112.134    15.000
   59.318  -112.134    15.000
   59.318  -112.134    15.000
   59.318  -112.134    15.000
   59.318  -112.134    15.000
   55.915  -114.474    15.000
   55.915  -114.474    15.000
   55.915  -114.474    15.000
   55.915  -114.474    15.000
   55.915  -114.474    15.000
   59.248  -112.274    15.000
   59.248  -112.274    15.000
   59.248  -112.274    15.000
   59.248  -112.274    15.000
   59.248  -112.274    15.000
   58.635  -117.936    15.000
   58.635  -117.936    15.000
   58.635  -117.936    15.000
   58.635  -117.936    15.000
   58.635  -117.936    15.000
   58.271  -117.544    15.000
   58.271  -117.544    15.000
   58.271  -117.544    15.000
   58.271  -117.544    15.000
   58.271  -117.544    15.000
   59.330  -112.170    15.000
   59.330  -112.170    15.000
   59.330  -112.170    15.000
   59.330  -112.170    15.000
   59.330  -112.170    15.000
   59.348  -112.198    15.000
   59.348  -112.198    15.000
   59.348  -112.198    15.000
   59.348  -112.198    15.000
   59.348  -112.198    15.000
   58.333  -117.588    15.000
   58.333  -117.588    15.000
   58.333  -117.588    15.000
   58.333  -117.588    15.000
   58.333  -117.588    15.000
   64.020  -146.190    15.000
   64.020  -146.190    15.000
   64.020  -146.190    15.000
   64.020  -146.190    15.000
   64.020  -146.190    15.000
   58.392  -117.675    15.000
   58.392  -117.675    15.000
   58.392  -117.675    15.000
   58.392  -117.675    15.000
   58.392  -117.675    15.000
   57.028  -117.800    15.000
   57.028  -117.800    15.000
   57.028  -117.800    15.000
   57.028  -117.800    15.000
   57.028  -117.800    15.000
   57.010  -117.913    15.000
   57.010  -117.913    15.000
   57.010  -117.913    15.000
   57.010  -117.913    15.000
   57.010  -117.913    15.000
   55.929  -114.548    15.000
   55.929  -114.548    15.000
   55.929  -114.548    15.000
   55.929  -114.548    15.000
   55.929  -114.548    15.000
   58.402  -117.730    15.000
   58.402  -117.730    15.000
   58.402  -117.730    15.000
   58.402  -117.730    15.000
   58.402  -117.730    15.000
   57.127  -117.840    15.000
   57.127  -117.840    15.000
   57.127  -117.840    15.000
   57.127  -117.840    15.000
   57.127  -117.840    15.000
   57.064  -118.060    15.000
   57.064  -118.060    15.000
   57.064  -118.060    15.000
   57.064  -118.060    15.000
   57.064  -118.060    15.000
   57.050  -117.919    15.000
   57.050  -117.919    15.000
   57.050  -117.919    15.000
   57.050  -117.919    15.000
   57.050  -117.919    15.000
   57.176  -118.057    15.000
   57.176  -118.057    15.000
   57.176  -118.057    15.000
   57.176  -118.057    15.000
   57.176  -118.057    15.000
   58.474  -117.228    15.000
   58.474  -117.228    15.000
   58.474  -117.228    15.000
   58.474  -117.228    15.000
   58.474  -117.228    15.000
   58.502  -117.286    15.000
   58.502  -117.286    15.000
   58.502  -117.286    15.000
   58.502  -117.286    15.000
   58.502  -117.286    15.000
   55.867  -114.424    15.000
   55.867  -114.424    15.000
   55.867  -114.424    15.000
   55.867  -114.424    15.000
   55.867  -114.424    15.000
   55.713  -114.517    15.000
   55.713  -114.517    15.000
   55.713  -114.517    15.000
   55.713  -114.517    15.000
   55.713  -114.517    15.000
   55.730  -114.480    15.000
   55.730  -114.480    15.000
   55.730  -114.480    15.000
   55.730  -114.480    15.000
   55.730  -114.480    15.000
   55.763  -114.594    15.000
   55.763  -114.594    15.000
   55.763  -114.594    15.000
   55.763  -114.594    15.000
   55.763  -114.594    15.000
   55.974  -114.737    15.000
   55.974  -114.737    15.000
   55.974  -114.737    15.000
   55.974  -114.737    15.000
   55.974  -114.737    15.000
   55.909  -114.743    15.000
   55.909  -114.743    15.000
   55.909  -114.743    15.000
   55.909  -114.743    15.000
   55.909  -114.743    15.000
   58.294  -117.503    15.000
   58.294  -117.503    15.000
   58.294  -117.503    15.000
   58.294  -117.503    15.000
   58.294  -117.503    15.000
   59.859  -124.262    15.000
   59.859  -124.262    15.000
   59.859  -124.262    15.000
   59.859  -124.262    15.000
   59.859  -124.262    15.000
   58.597  -117.682    15.000
   58.597  -117.682    15.000
   58.597  -117.682    15.000
   58.597  -117.682    15.000
   58.597  -117.682    15.000
   59.150  -113.792    15.000
   59.150  -113.792    15.000
   59.150  -113.792    15.000
   59.150  -113.792    15.000
   59.150  -113.792    15.000
   58.481  -117.752    15.000
   58.481  -117.752    15.000
   58.481  -117.752    15.000
   58.481  -117.752    15.000
   58.481  -117.752    15.000
   58.350  -117.630    15.000
   58.350  -117.630    15.000
   58.350  -117.630    15.000
   58.350  -117.630    15.000
   58.350  -117.630    15.000
   58.344  -117.554    15.000
   58.344  -117.554    15.000
   58.344  -117.554    15.000
   58.344  -117.554    15.000
   58.344  -117.554    15.000
   58.529  -117.817    15.000
   58.529  -117.817    15.000
   58.529  -117.817    15.000
   58.529  -117.817    15.000
   58.529  -117.817    15.000
   58.557  -117.705    15.000
   58.557  -117.705    15.000
   58.557  -117.705    15.000
   58.557  -117.705    15.000
   58.557  -117.705    15.000
   58.559  -117.876    15.000
   58.559  -117.876    15.000
   58.559  -117.876    15.000
   58.559  -117.876    15.000
   58.559  -117.876    15.000
   58.583  -117.908    15.000
   58.583  -117.908    15.000
   58.583  -117.908    15.000
   58.583  -117.908    15.000
   58.583  -117.908    15.000
   55.831  -114.573    15.000
   55.831  -114.573    15.000
   55.831  -114.573    15.000
   55.831  -114.573    15.000
   55.831  -114.573    15.000
   53.957  -107.981    15.000
   53.957  -107.981    15.000
   53.957  -107.981    15.000
   53.957  -107.981    15.000
   53.957  -107.981    15.000
   56.424  -124.376    15.000
   56.424  -124.376    15.000
   56.424  -124.376    15.000
   56.424  -124.376    15.000
   56.424  -124.376    15.000
   63.058  -139.190    15.000
   63.058  -139.190    15.000
   63.058  -139.190    15.000
   63.058  -139.190    15.000
   63.058  -139.190    15.000
   63.642  -137.901    15.000
   63.642  -137.901    15.000
   63.642  -137.901    15.000
   63.642  -137.901    15.000
   63.642  -137.901    15.000
   58.530  -117.500    15.000
   58.530  -117.500    15.000
   58.530  -117.500    15.000
   58.530  -117.500    15.000
   58.530  -117.500    15.000
   58.480  -117.170    15.000
   58.480  -117.170    15.000
   58.480  -117.170    15.000
   58.480  -117.170    15.000
   58.480  -117.170    15.000
   57.152  -117.917    15.000
   57.152  -117.917    15.000
   57.152  -117.917    15.000
   57.152  -117.917    15.000
   57.152  -117.917    15.000
   57.851  -118.335    15.000
   57.851  -118.335    15.000
   57.851  -118.335    15.000
   57.851  -118.335    15.000
   57.851  -118.335    15.000
   57.090  -117.800    15.000
   57.090  -117.800    15.000
   57.090  -117.800    15.000
   57.090  -117.800    15.000
   57.090  -117.800    15.000
   58.550  -117.525    15.000
   58.550  -117.525    15.000
   58.550  -117.525    15.000
   58.550  -117.525    15.000
   58.550  -117.525    15.000
   37.386   -81.338    15.000
   37.386   -81.338    15.000
   37.386   -81.338    15.000
   37.386   -81.338    15.000
   37.386   -81.338    15.000
   39.472   -81.104    15.000
   39.472   -81.104    15.000
   39.472   -81.104    15.000
   39.472   -81.104    15.000
   39.472   -81.104    15.000
   30.340   -82.403    15.000
   30.340   -82.403    15.000
   30.340   -82.403    15.000
   30.340   -82.403    15.000
   30.340   -82.403    15.000
   30.590   -83.583    15.000
   30.590   -83.583    15.000
   30.590   -83.583    15.000
   30.590   -83.583    15.000
   30.590   -83.583    15.000
   33.217   -81.373    15.000
   33.217   -81.373    15.000
   33.217   -81.373    15.000
   33.217   -81.373    15.000
   33.217   -81.373    15.000
   34.455   -81.144    15.000
   34.455   -81.144    15.000
   34.455   -81.144    15.000
   34.455   -81.144    15.000
   34.455   -81.144    15.000
   33.210   -79.502    15.000
   33.210   -79.502    15.000
   33.210   -79.502    15.000
   33.210   -79.502    15.000
   33.210   -79.502    15.000
   35.370   -85.728    15.000
   35.370   -85.728    15.000
   35.370   -85.728    15.000
   35.370   -85.728    15.000
   35.370   -85.728    15.000
   35.892   -79.954    15.000
   35.892   -79.954    15.000
   35.892   -79.954    15.000
   35.892   -79.954    15.000
   35.892   -79.954    15.000
   36.017   -78.041    15.000
   36.017   -78.041    15.000
   36.017   -78.041    15.000
   36.017   -78.041    15.000
   36.017   -78.041    15.000
   31.197   -86.906    15.000
   31.197   -86.906    15.000
   31.197   -86.906    15.000
   31.197   -86.906    15.000
   31.197   -86.906    15.000
   33.127   -85.563    15.000
   33.127   -85.563    15.000
   33.127   -85.563    15.000
   33.127   -85.563    15.000
   33.127   -85.563    15.000
   33.333   -86.788    15.000
   33.333   -86.788    15.000
   33.333   -86.788    15.000
   33.333   -86.788    15.000
   33.333   -86.788    15.000
   33.649   -86.560    15.000
   33.649   -86.560    15.000
   33.649   -86.560    15.000
   33.649   -86.560    15.000
   33.649   -86.560    15.000
   36.723   -79.871    15.000
   36.723   -79.871    15.000
   36.723   -79.871    15.000
   36.723   -79.871    15.000
   36.723   -79.871    15.000
   37.878   -77.463    15.000
   37.878   -77.463    15.000
   37.878   -77.463    15.000
   37.878   -77.463    15.000
   37.878   -77.463    15.000
   32.744   -88.674    15.000
   32.744   -88.674    15.000
   32.744   -88.674    15.000
   32.744   -88.674    15.000
   32.744   -88.674    15.000
   32.907   -85.127    15.000
   32.907   -85.127    15.000
   32.907   -85.127    15.000
   32.907   -85.127    15.000
   32.907   -85.127    15.000
   33.035   -84.960    15.000
   33.035   -84.960    15.000
   33.035   -84.960    15.000
   33.035   -84.960    15.000
   33.035   -84.960    15.000
   34.448   -85.358    15.000
   34.448   -85.358    15.000
   34.448   -85.358    15.000
   34.448   -85.358    15.000
   34.448   -85.358    15.000
   36.001   -85.055    15.000
   36.001   -85.055    15.000
   36.001   -85.055    15.000
   36.001   -85.055    15.000
   36.001   -85.055    15.000
   33.480   -87.268    15.000
   33.480   -87.268    15.000
   33.480   -87.268    15.000
   33.480   -87.268    15.000
   33.480   -87.268    15.000
   34.350   -92.579    15.000
   34.350   -92.579    15.000
   34.350   -92.579    15.000
   34.350   -92.579    15.000
   34.350   -92.579    15.000
   28.050   -81.418    15.000
   28.050   -81.418    15.000
   28.050   -81.418    15.000
   28.050   -81.418    15.000
   28.050   -81.418    15.000
   30.943   -88.011    15.000
   30.943   -88.011    15.000
   30.943   -88.011    15.000
   30.943   -88.011    15.000
   30.943   -88.011    15.000
   37.201   -76.591    15.000
   37.201   -76.591    15.000
   37.201   -76.591    15.000
   37.201   -76.591    15.000
   37.201   -76.591    15.000
   31.282   -82.805    15.000
   31.282   -82.805    15.000
   31.282   -82.805    15.000
   31.282   -82.805    15.000
   31.282   -82.805    15.000
   27.095  -108.067    15.000
   27.095  -108.067    15.000
   27.095  -108.067    15.000
   27.095  -108.067    15.000
   27.095  -108.067    15.000
   26.122  -107.874    15.000
   26.122  -107.874    15.000
   26.122  -107.874    15.000
   26.122  -107.874    15.000
   26.122  -107.874    15.000
   26.381  -108.617    15.000
   26.381  -108.617    15.000
   26.381  -108.617    15.000
   26.381  -108.617    15.000
   26.381  -108.617    15.000
   29.832  -108.363    15.000
   29.832  -108.363    15.000
   29.832  -108.363    15.000
   29.832  -108.363    15.000
   29.832  -108.363    15.000
   41.962   -96.234    15.000
   41.962   -96.234    15.000
   41.962   -96.234    15.000
   41.962   -96.234    15.000
   41.962   -96.234    15.000
   31.645   -95.058    15.000
   31.645   -95.058    15.000
   31.645   -95.058    15.000
   31.645   -95.058    15.000
   31.645   -95.058    15.000
   29.048   -90.845    15.000
   29.048   -90.845    15.000
   29.048   -90.845    15.000
   29.048   -90.845    15.000
   29.048   -90.845    15.000
   50.815  -104.156    15.000
   50.815  -104.156    15.000
   50.815  -104.156    15.000
   50.815  -104.156    15.000
   50.815  -104.156    15.000
   50.700  -102.175    15.000
   50.700  -102.175    15.000
   50.700  -102.175    15.000
   50.700  -102.175    15.000
   50.700  -102.175    15.000
   51.275  -105.070    15.000
   51.275  -105.070    15.000
   51.275  -105.070    15.000
   51.275  -105.070    15.000
   51.275  -105.070    15.000
   51.284  -105.340    15.000
   51.284  -105.340    15.000
   51.284  -105.340    15.000
   51.284  -105.340    15.000
   51.284  -105.340    15.000
   52.025  -103.954    15.000
   52.025  -103.954    15.000
   52.025  -103.954    15.000
   52.025  -103.954    15.000
   52.025  -103.954    15.000
   52.618  -106.005    15.000
   52.618  -106.005    15.000
   52.618  -106.005    15.000
   52.618  -106.005    15.000
   52.618  -106.005    15.000
   50.852  -102.868    15.000
   50.852  -102.868    15.000
   50.852  -102.868    15.000
   50.852  -102.868    15.000
   50.852  -102.868    15.000
   52.378  -103.865    15.000
   52.378  -103.865    15.000
   52.378  -103.865    15.000
   52.378  -103.865    15.000
   52.378  -103.865    15.000
   51.703  -106.028    15.000
   51.703  -106.028    15.000
   51.703  -106.028    15.000
   51.703  -106.028    15.000
   51.703  -106.028    15.000
   55.904  -120.462    15.000
   55.904  -120.462    15.000
   55.904  -120.462    15.000
   55.904  -120.462    15.000
   55.904  -120.462    15.000
   51.012  -100.505    15.000
   51.012  -100.505    15.000
   51.012  -100.505    15.000
   51.012  -100.505    15.000
   51.012  -100.505    15.000
   58.329  -117.486    15.000
   58.329  -117.486    15.000
   58.329  -117.486    15.000
   58.329  -117.486    15.000
   58.329  -117.486    15.000
   55.072  -110.545    15.000
   55.072  -110.545    15.000
   55.072  -110.545    15.000
   55.072  -110.545    15.000
   55.072  -110.545    15.000
   45.900   -95.754    15.000
   45.900   -95.754    15.000
   45.900   -95.754    15.000
   45.900   -95.754    15.000
   45.900   -95.754    15.000
   32.462  -109.962    15.000
   32.462  -109.962    15.000
   32.462  -109.962    15.000
   32.462  -109.962    15.000
   32.462  -109.962    15.000
   45.871   -95.788    15.000
   45.871   -95.788    15.000
   45.871   -95.788    15.000
   45.871   -95.788    15.000
   45.871   -95.788    15.000
   45.947   -95.802    15.000
   45.947   -95.802    15.000
   45.947   -95.802    15.000
   45.947   -95.802    15.000
   45.947   -95.802    15.000
   35.939   -89.717    15.000
   35.939   -89.717    15.000
   35.939   -89.717    15.000
   35.939   -89.717    15.000
   35.939   -89.717    15.000
   30.187   -90.986    15.000
   30.187   -90.986    15.000
   30.187   -90.986    15.000
   30.187   -90.986    15.000
   30.187   -90.986    15.000
   32.212  -101.937    15.000
   32.212  -101.937    15.000
   32.212  -101.937    15.000
   32.212  -101.937    15.000
   32.212  -101.937    15.000
   28.957   -96.297    15.000
   28.957   -96.297    15.000
   28.957   -96.297    15.000
   28.957   -96.297    15.000
   28.957   -96.297    15.000
   28.835   -95.918    15.000
   28.835   -95.918    15.000
   28.835   -95.918    15.000
   28.835   -95.918    15.000
   28.835   -95.918    15.000
   32.293   -96.587    15.000
   32.293   -96.587    15.000
   32.293   -96.587    15.000
   32.293   -96.587    15.000
   32.293   -96.587    15.000
   37.061   -94.407    15.000
   37.061   -94.407    15.000
   37.061   -94.407    15.000
   37.061   -94.407    15.000
   37.061   -94.407    15.000
   31.896   -85.091    15.000
   31.896   -85.091    15.000
   31.896   -85.091    15.000
   31.896   -85.091    15.000
   31.896   -85.091    15.000
   43.455   -96.471    15.000
   43.455   -96.471    15.000
   43.455   -96.471    15.000
   43.455   -96.471    15.000
   43.455   -96.471    15.000
   30.556   -83.575    15.000
   30.556   -83.575    15.000
   30.556   -83.575    15.000
   30.556   -83.575    15.000
   30.556   -83.575    15.000
   33.655   -88.938    15.000
   33.655   -88.938    15.000
   33.655   -88.938    15.000
   33.655   -88.938    15.000
   33.655   -88.938    15.000
   34.057   -88.581    15.000
   34.057   -88.581    15.000
   34.057   -88.581    15.000
   34.057   -88.581    15.000
   34.057   -88.581    15.000
   35.890   -89.786    15.000
   35.890   -89.786    15.000
   35.890   -89.786    15.000
   35.890   -89.786    15.000
   35.890   -89.786    15.000
   45.529   -95.290    15.000
   45.529   -95.290    15.000
   45.529   -95.290    15.000
   45.529   -95.290    15.000
   45.529   -95.290    15.000
   35.361   -85.752    15.000
   35.361   -85.752    15.000
   35.361   -85.752    15.000
   35.361   -85.752    15.000
   35.361   -85.752    15.000
   35.221   -85.214    15.000
   35.221   -85.214    15.000
   35.221   -85.214    15.000
   35.221   -85.214    15.000
   35.221   -85.214    15.000
   35.929   -86.535    15.000
   35.929   -86.535    15.000
   35.929   -86.535    15.000
   35.929   -86.535    15.000
   35.929   -86.535    15.000
   35.968   -86.485    15.000
   35.968   -86.485    15.000
   35.968   -86.485    15.000
   35.968   -86.485    15.000
   35.968   -86.485    15.000
   36.168   -83.393    15.000
   36.168   -83.393    15.000
   36.168   -83.393    15.000
   36.168   -83.393    15.000
   36.168   -83.393    15.000
   33.299   -87.044    15.000
   33.299   -87.044    15.000
   33.299   -87.044    15.000
   33.299   -87.044    15.000
   33.299   -87.044    15.000
   34.635   -87.085    15.000
   34.635   -87.085    15.000
   34.635   -87.085    15.000
   34.635   -87.085    15.000
   34.635   -87.085    15.000
   36.591   -79.334    15.000
   36.591   -79.334    15.000
   36.591   -79.334    15.000
   36.591   -79.334    15.000
   36.591   -79.334    15.000
   27.188   -81.116    15.000
   27.188   -81.116    15.000
   27.188   -81.116    15.000
   27.188   -81.116    15.000
   27.188   -81.116    15.000
   31.663   -89.173    15.000
   31.663   -89.173    15.000
   31.663   -89.173    15.000
   31.663   -89.173    15.000
   31.663   -89.173    15.000
   63.943  -145.982    15.000
   63.943  -145.982    15.000
   63.943  -145.982    15.000
   63.943  -145.982    15.000
   63.943  -145.982    15.000
   30.510   -83.592    15.000
   30.510   -83.592    15.000
   30.510   -83.592    15.000
   30.510   -83.592    15.000
   30.510   -83.592    15.000
   51.623  -105.512    15.000
   51.623  -105.512    15.000
   51.623  -105.512    15.000
   51.623  -105.512    15.000
   51.623  -105.512    15.000
   30.219   -93.304    15.000
   30.219   -93.304    15.000
   30.219   -93.304    15.000
   30.219   -93.304    15.000
   30.219   -93.304    15.000
   33.013   -79.884    15.000
   33.013   -79.884    15.000
   33.013   -79.884    15.000
   33.013   -79.884    15.000
   33.013   -79.884    15.000
   54.308  -108.115    15.000
   54.308  -108.115    15.000
   54.308  -108.115    15.000
   54.308  -108.115    15.000
   54.308  -108.115    15.000
   51.160  -106.275    15.000
   51.160  -106.275    15.000
   51.160  -106.275    15.000
   51.160  -106.275    15.000
   51.160  -106.275    15.000
   35.047   -90.165    15.000
   35.047   -90.165    15.000
   35.047   -90.165    15.000
   35.047   -90.165    15.000
   35.047   -90.165    15.000
   34.815   -78.551    15.000
   34.815   -78.551    15.000
   34.815   -78.551    15.000
   34.815   -78.551    15.000
   34.815   -78.551    15.000
   35.623   -76.401    15.000
   35.623   -76.401    15.000
   35.623   -76.401    15.000
   35.623   -76.401    15.000
   35.623   -76.401    15.000
   48.684   -55.024    15.000
   48.684   -55.024    15.000
   48.684   -55.024    15.000
   48.684   -55.024    15.000
   48.684   -55.024    15.000
   54.915  -125.796    15.000
   54.915  -125.796    15.000
   54.915  -125.796    15.000
   54.915  -125.796    15.000
   54.915  -125.796    15.000
   30.576   -83.743    15.000
   30.576   -83.743    15.000
   30.576   -83.743    15.000
   30.576   -83.743    15.000
   30.576   -83.743    15.000
   58.935  -127.366    15.000
   58.935  -127.366    15.000
   58.935  -127.366    15.000
   58.935  -127.366    15.000
   58.935  -127.366    15.000
   30.194   -93.327    15.000
   30.194   -93.327    15.000
   30.194   -93.327    15.000
   30.194   -93.327    15.000
   30.194   -93.327    15.000
   39.720  -122.270    15.000
   39.720  -122.270    15.000
   39.720  -122.270    15.000
   39.720  -122.270    15.000
   39.720  -122.270    15.000
   36.579   -86.887    15.000
   36.579   -86.887    15.000
   36.579   -86.887    15.000
   36.579   -86.887    15.000
   36.579   -86.887    15.000
   30.342   -82.410    15.000
   30.342   -82.410    15.000
   30.342   -82.410    15.000
   30.342   -82.410    15.000
   30.342   -82.410    15.000
   33.014   -79.888    15.000
   33.014   -79.888    15.000
   33.014   -79.888    15.000
   33.014   -79.888    15.000
   33.014   -79.888    15.000
   39.940   -81.717    15.000
   39.940   -81.717    15.000
   39.940   -81.717    15.000
   39.940   -81.717    15.000
   39.940   -81.717    15.000
   59.221  -112.059    15.000
   59.221  -112.059    15.000
   59.221  -112.059    15.000
   59.221  -112.059    15.000
   59.221  -112.059    15.000
   59.167  -112.060    15.000
   59.167  -112.060    15.000
   59.167  -112.060    15.000
   59.167  -112.060    15.000
   59.167  -112.060    15.000
   56.020  -114.600    15.000
   56.020  -114.600    15.000
   56.020  -114.600    15.000
   56.020  -114.600    15.000
   56.020  -114.600    15.000
   58.260  -117.480    15.000
   58.260  -117.480    15.000
   58.260  -117.480    15.000
   58.260  -117.480    15.000
   58.260  -117.480    15.000
   59.270  -112.140    15.000
   59.270  -112.140    15.000
   59.270  -112.140    15.000
   59.270  -112.140    15.000
   59.270  -112.140    15.000
   57.075  -118.030    15.000
   57.075  -118.030    15.000
   57.075  -118.030    15.000
   57.075  -118.030    15.000
   57.075  -118.030    15.000
   58.270  -117.520    15.000
   58.270  -117.520    15.000
   58.270  -117.520    15.000
   58.270  -117.520    15.000
   58.270  -117.520    15.000
   57.120  -118.000    15.000
   57.120  -118.000    15.000
   57.120  -118.000    15.000
   57.120  -118.000    15.000
   57.120  -118.000    15.000
   58.395  -117.690    15.000
   58.395  -117.690    15.000
   58.395  -117.690    15.000
   58.395  -117.690    15.000
   58.395  -117.690    15.000
   58.510  -117.790    15.000
   58.510  -117.790    15.000
   58.510  -117.790    15.000
   58.510  -117.790    15.000
   58.510  -117.790    15.000
   59.270  -112.200    15.000
   59.270  -112.200    15.000
   59.270  -112.200    15.000
   59.270  -112.200    15.000
   59.270  -112.200    15.000
   58.390  -117.650    15.000
   58.390  -117.650    15.000
   58.390  -117.650    15.000
   58.390  -117.650    15.000
   58.390  -117.650    15.000
   58.370  -117.650    15.000
   58.370  -117.650    15.000
   58.370  -117.650    15.000
   58.370  -117.650    15.000
   58.370  -117.650    15.000
   58.320  -117.600    15.000
   58.320  -117.600    15.000
   58.320  -117.600    15.000
   58.320  -117.600    15.000
   58.320  -117.600    15.000
   55.000   -98.500    15.000
   55.000   -98.500    15.000
   55.000   -98.500    15.000
   55.000   -98.500    15.000
   55.000   -98.500    15.000
0024
0
  10000.0
1
./
ERA5-20190527-00-casestudy-31km.arl
1
PM25
0.001
    24.000
19 05 27 00 00
1
   55.000   -98.500
    0.100     0.100
   30.000    92.000
./
hysplit.con
1
10
19 05 27 00 00
19 05 28 00 00
0 1 0
1
1 1 1
0 0 0 0 0
0 0 0
0
0.0
