19 05 26 00
1085
   63.632  -138.001    15.000
   63.632  -138.001    15.000
   63.632  -138.001    15.000
   63.632  -138.001    15.000
   63.632  -138.001    15.000
   63.060  -139.205    15.000
   63.060  -139.205    15.000
   63.060  -139.205    15.000
   63.060  -139.205    15.000
   63.060  -139.205    15.000
   65.181  -137.080    15.000
   65.181  -137.080    15.000
   65.181  -137.080    15.000
   65.181  -137.080    15.000
   65.181  -137.080    15.000
   64.906  -138.624    15.000
   64.906  -138.624    15.000
   64.906  -138.624    15.000
   64.906  -138.624    15.000
   64.906  -138.624    15.000
   58.938  -127.363    15.000
   58.938  -127.363    15.000
   58.938  -127.363    15.000
   58.938  -127.363    15.000
   58.938  -127.363    15.000
   58.398  -117.686    15.000
   58.398  -117.686    15.000
   58.398  -117.686    15.000
   58.398  -117.686    15.000
   58.398  -117.686    15.000
   30.921   -97.720    15.000
   30.921   -97.720    15.000
   30.921   -97.720    15.000
   30.921   -97.720    15.000
   30.921   -97.720    15.000
   57.140  -117.846    15.000
   57.140  -117.846    15.000
   57.140  -117.846    15.000
   57.140  -117.846    15.000
   57.140  -117.846    15.000
   30.700  -109.791    15.000
   30.700  -109.791    15.000
   30.700  -109.791    15.000
   30.700  -109.791    15.000
   30.700  -109.791    15.000
   58.350  -117.216    15.000
   58.350  -117.216    15.000
   58.350  -117.216    15.000
   58.350  -117.216    15.000
   58.350  -117.216    15.000
   30.898   -91.822    15.000
   30.898   -91.822    15.000
   30.898   -91.822    15.000
   30.898   -91.822    15.000
   30.898   -91.822    15.000
   59.251  -112.226    15.000
   59.251  -112.226    15.000
   59.251  -112.226    15.000
   59.251  -112.226    15.000
   59.251  -112.226    15.000
   55.986  -114.570    15.000
   55.986  -114.570    15.000
   55.986  -114.570    15.000
   55.986  -114.570    15.000
   55.986  -114.570    15.000
   59.265  -112.155    15.000
   59.265  -112.155    15.000
   59.265  -112.155    15.000
   59.265  -112.155    15.000
   59.265  -112.155    15.000
   58.574  -117.884    15.000
   58.574  -117.884    15.000
   58.574  -117.884    15.000
   58.574  -117.884    15.000
   58.574  -117.884    15.000
   58.519  -117.284    15.000
   58.519  -117.284    15.000
   58.519  -117.284    15.000
   58.519  -117.284    15.000
   58.519  -117.284    15.000
   58.488  -117.297    15.000
   58.488  -117.297    15.000
   58.488  -117.297    15.000
   58.488  -117.297    15.000
   58.488  -117.297    15.000
   42.015   -97.425    15.000
   42.015   -97.425    15.000
   42.015   -97.425    15.000
   42.015   -97.425    15.000
   42.015   -97.425    15.000
   55.873  -114.437    15.000
   55.873  -114.437    15.000
   55.873  -114.437    15.000
   55.873  -114.437    15.000
   55.873  -114.437    15.000
   56.010  -114.540    15.000
   56.010  -114.540    15.000
   56.010  -114.540    15.000
   56.010  -114.540    15.000
   56.010  -114.540    15.000
   55.918  -114.487    15.000
   55.918  -114.487    15.000
   55.918  -114.487    15.000
   55.918  -114.487    15.000
   55.918  -114.487    15.000
   54.424  -122.814    15.000
   54.424  -122.814    15.000
   54.424  -122.814    15.000
   54.424  -122.814    15.000
   54.424  -122.814    15.000
   59.211  -112.242    15.000
   59.211  -112.242    15.000
   59.211  -112.242    15.000
   59.211  -112.242    15.000
   59.211  -112.242    15.000
   44.251   -99.925    15.000
   44.251   -99.925    15.000
   44.251   -99.925    15.000
   44.251   -99.925    15.000
   44.251   -99.925    15.000
   33.016   -79.882    15.000
   33.016   -79.882    15.000
   33.016   -79.882    15.000
   33.016   -79.882    15.000
   33.016   -79.882    15.000
   33.214   -79.508    15.000
   33.214   -79.508    15.000
   33.214   -79.508    15.000
   33.214   -79.508    15.000
   33.214   -79.508    15.000
   34.458   -81.139    15.000
   34.458   -81.139    15.000
   34.458   -81.139    15.000
   34.458   -81.139    15.000
   34.458   -81.139    15.000
   33.413  -110.873    15.000
   33.413  -110.873    15.000
   33.413  -110.873    15.000
   33.413  -110.873    15.000
   33.413  -110.873    15.000
   32.742  -115.597    15.000
   32.742  -115.597    15.000
   32.742  -115.597    15.000
   32.742  -115.597    15.000
   32.742  -115.597    15.000
   41.383  -120.606    15.000
   41.383  -120.606    15.000
   41.383  -120.606    15.000
   41.383  -120.606    15.000
   41.383  -120.606    15.000
   40.586  -122.497    15.000
   40.586  -122.497    15.000
   40.586  -122.497    15.000
   40.586  -122.497    15.000
   40.586  -122.497    15.000
   36.512  -120.350    15.000
   36.512  -120.350    15.000
   36.512  -120.350    15.000
   36.512  -120.350    15.000
   36.512  -120.350    15.000
   40.102  -122.125    15.000
   40.102  -122.125    15.000
   40.102  -122.125    15.000
   40.102  -122.125    15.000
   40.102  -122.125    15.000
   40.151  -122.144    15.000
   40.151  -122.144    15.000
   40.151  -122.144    15.000
   40.151  -122.144    15.000
   40.151  -122.144    15.000
   35.600   -76.157    15.000
   35.600   -76.157    15.000
   35.600   -76.157    15.000
   35.600   -76.157    15.000
   35.600   -76.157    15.000
   35.827   -75.818    15.000
   35.827   -75.818    15.000
   35.827   -75.818    15.000
   35.827   -75.818    15.000
   35.827   -75.818    15.000
   35.473   -85.908    15.000
   35.473   -85.908    15.000
   35.473   -85.908    15.000
   35.473   -85.908    15.000
   35.473   -85.908    15.000
   34.572   -78.279    15.000
   34.572   -78.279    15.000
   34.572   -78.279    15.000
   34.572   -78.279    15.000
   34.572   -78.279    15.000
   34.492   -78.368    15.000
   34.492   -78.368    15.000
   34.492   -78.368    15.000
   34.492   -78.368    15.000
   34.492   -78.368    15.000
   36.020   -78.039    15.000
   36.020   -78.039    15.000
   36.020   -78.039    15.000
   36.020   -78.039    15.000
   36.020   -78.039    15.000
   36.543   -76.353    15.000
   36.543   -76.353    15.000
   36.543   -76.353    15.000
   36.543   -76.353    15.000
   36.543   -76.353    15.000
   37.202   -76.592    15.000
   37.202   -76.592    15.000
   37.202   -76.592    15.000
   37.202   -76.592    15.000
   37.202   -76.592    15.000
   30.941   -88.013    15.000
   30.941   -88.013    15.000
   30.941   -88.013    15.000
   30.941   -88.013    15.000
   30.941   -88.013    15.000
   36.595   -77.783    15.000
   36.595   -77.783    15.000
   36.595   -77.783    15.000
   36.595   -77.783    15.000
   36.595   -77.783    15.000
   34.638   -87.087    15.000
   34.638   -87.087    15.000
   34.638   -87.087    15.000
   34.638   -87.087    15.000
   34.638   -87.087    15.000
   31.194   -85.795    15.000
   31.194   -85.795    15.000
   31.194   -85.795    15.000
   31.194   -85.795    15.000
   31.194   -85.795    15.000
   27.193   -81.111    15.000
   27.193   -81.111    15.000
   27.193   -81.111    15.000
   27.193   -81.111    15.000
   27.193   -81.111    15.000
   33.874   -94.968    15.000
   33.874   -94.968    15.000
   33.874   -94.968    15.000
   33.874   -94.968    15.000
   33.874   -94.968    15.000
   37.704   -77.435    15.000
   37.704   -77.435    15.000
   37.704   -77.435    15.000
   37.704   -77.435    15.000
   37.704   -77.435    15.000
   37.490   -77.451    15.000
   37.490   -77.451    15.000
   37.490   -77.451    15.000
   37.490   -77.451    15.000
   37.490   -77.451    15.000
   30.467   -87.345    15.000
   30.467   -87.345    15.000
   30.467   -87.345    15.000
   30.467   -87.345    15.000
   30.467   -87.345    15.000
   31.831   -89.247    15.000
   31.831   -89.247    15.000
   31.831   -89.247    15.000
   31.831   -89.247    15.000
   31.831   -89.247    15.000
   30.341   -82.406    15.000
   30.341   -82.406    15.000
   30.341   -82.406    15.000
   30.341   -82.406    15.000
   30.341   -82.406    15.000
   31.574   -88.578    15.000
   31.574   -88.578    15.000
   31.574   -88.578    15.000
   31.574   -88.578    15.000
   31.574   -88.578    15.000
   38.156  -108.395    15.000
   38.156  -108.395    15.000
   38.156  -108.395    15.000
   38.156  -108.395    15.000
   38.156  -108.395    15.000
   32.311   -90.139    15.000
   32.311   -90.139    15.000
   32.311   -90.139    15.000
   32.311   -90.139    15.000
   32.311   -90.139    15.000
   31.094   -89.580    15.000
   31.094   -89.580    15.000
   31.094   -89.580    15.000
   31.094   -89.580    15.000
   31.094   -89.580    15.000
   30.651   -83.060    15.000
   30.651   -83.060    15.000
   30.651   -83.060    15.000
   30.651   -83.060    15.000
   30.651   -83.060    15.000
   32.582   -90.062    15.000
   32.582   -90.062    15.000
   32.582   -90.062    15.000
   32.582   -90.062    15.000
   32.582   -90.062    15.000
   41.745   -71.114    15.000
   41.745   -71.114    15.000
   41.745   -71.114    15.000
   41.745   -71.114    15.000
   41.745   -71.114    15.000
   34.706   -92.193    15.000
   34.706   -92.193    15.000
   34.706   -92.193    15.000
   34.706   -92.193    15.000
   34.706   -92.193    15.000
   33.223   -82.914    15.000
   33.223   -82.914    15.000
   33.223   -82.914    15.000
   33.223   -82.914    15.000
   33.223   -82.914    15.000
   34.361   -93.546    15.000
   34.361   -93.546    15.000
   34.361   -93.546    15.000
   34.361   -93.546    15.000
   34.361   -93.546    15.000
   34.948   -93.249    15.000
   34.948   -93.249    15.000
   34.948   -93.249    15.000
   34.948   -93.249    15.000
   34.948   -93.249    15.000
   43.030   -71.162    15.000
   43.030   -71.162    15.000
   43.030   -71.162    15.000
   43.030   -71.162    15.000
   43.030   -71.162    15.000
   63.963  -146.175    15.000
   63.963  -146.175    15.000
   63.963  -146.175    15.000
   63.963  -146.175    15.000
   63.963  -146.175    15.000
   63.923  -146.055    15.000
   63.923  -146.055    15.000
   63.923  -146.055    15.000
   63.923  -146.055    15.000
   63.923  -146.055    15.000
   68.040  -141.900    15.000
   68.040  -141.900    15.000
   68.040  -141.900    15.000
   68.040  -141.900    15.000
   68.040  -141.900    15.000
   26.562  -106.898    15.000
   26.562  -106.898    15.000
   26.562  -106.898    15.000
   26.562  -106.898    15.000
   26.562  -106.898    15.000
   26.383  -107.562    15.000
   26.383  -107.562    15.000
   26.383  -107.562    15.000
   26.383  -107.562    15.000
   26.383  -107.562    15.000
   26.611  -108.230    15.000
   26.611  -108.230    15.000
   26.611  -108.230    15.000
   26.611  -108.230    15.000
   26.611  -108.230    15.000
   26.899  -107.476    15.000
   26.899  -107.476    15.000
   26.899  -107.476    15.000
   26.899  -107.476    15.000
   26.899  -107.476    15.000
   55.819  -114.429    15.000
   55.819  -114.429    15.000
   55.819  -114.429    15.000
   55.819  -114.429    15.000
   55.819  -114.429    15.000
   58.491  -117.758    15.000
   58.491  -117.758    15.000
   58.491  -117.758    15.000
   58.491  -117.758    15.000
   58.491  -117.758    15.000
   58.621  -117.776    15.000
   58.621  -117.776    15.000
   58.621  -117.776    15.000
   58.621  -117.776    15.000
   58.621  -117.776    15.000
   55.908  -114.748    15.000
   55.908  -114.748    15.000
   55.908  -114.748    15.000
   55.908  -114.748    15.000
   55.908  -114.748    15.000
   55.750  -114.579    15.000
   55.750  -114.579    15.000
   55.750  -114.579    15.000
   55.750  -114.579    15.000
   55.750  -114.579    15.000
   58.554  -117.525    15.000
   58.554  -117.525    15.000
   58.554  -117.525    15.000
   58.554  -117.525    15.000
   58.554  -117.525    15.000
   58.600  -117.677    15.000
   58.600  -117.677    15.000
   58.600  -117.677    15.000
   58.600  -117.677    15.000
   58.600  -117.677    15.000
   58.400  -117.670    15.000
   58.400  -117.670    15.000
   58.400  -117.670    15.000
   58.400  -117.670    15.000
   58.400  -117.670    15.000
   57.162  -118.056    15.000
   57.162  -118.056    15.000
   57.162  -118.056    15.000
   57.162  -118.056    15.000
   57.162  -118.056    15.000
   59.180  -113.912    15.000
   59.180  -113.912    15.000
   59.180  -113.912    15.000
   59.180  -113.912    15.000
   59.180  -113.912    15.000
   30.216   -93.308    15.000
   30.216   -93.308    15.000
   30.216   -93.308    15.000
   30.216   -93.308    15.000
   30.216   -93.308    15.000
   29.871   -94.927    15.000
   29.871   -94.927    15.000
   29.871   -94.927    15.000
   29.871   -94.927    15.000
   29.871   -94.927    15.000
   31.001   -93.532    15.000
   31.001   -93.532    15.000
   31.001   -93.532    15.000
   31.001   -93.532    15.000
   31.001   -93.532    15.000
   31.589   -93.175    15.000
   31.589   -93.175    15.000
   31.589   -93.175    15.000
   31.589   -93.175    15.000
   31.589   -93.175    15.000
   31.635   -93.109    15.000
   31.635   -93.109    15.000
   31.635   -93.109    15.000
   31.635   -93.109    15.000
   31.635   -93.109    15.000
   32.532   -93.321    15.000
   32.532   -93.321    15.000
   32.532   -93.321    15.000
   32.532   -93.321    15.000
   32.532   -93.321    15.000
   58.285  -117.551    15.000
   58.285  -117.551    15.000
   58.285  -117.551    15.000
   58.285  -117.551    15.000
   58.285  -117.551    15.000
   44.058   -70.197    15.000
   44.058   -70.197    15.000
   44.058   -70.197    15.000
   44.058   -70.197    15.000
   44.058   -70.197    15.000
   41.969   -74.193    15.000
   41.969   -74.193    15.000
   41.969   -74.193    15.000
   41.969   -74.193    15.000
   41.969   -74.193    15.000
   25.725  -103.445    15.000
   25.725  -103.445    15.000
   25.725  -103.445    15.000
   25.725  -103.445    15.000
   25.725  -103.445    15.000
   25.256  -106.606    15.000
   25.256  -106.606    15.000
   25.256  -106.606    15.000
   25.256  -106.606    15.000
   25.256  -106.606    15.000
   25.189  -107.940    15.000
   25.189  -107.940    15.000
   25.189  -107.940    15.000
   25.189  -107.940    15.000
   25.189  -107.940    15.000
   25.359  -108.711    15.000
   25.359  -108.711    15.000
   25.359  -108.711    15.000
   25.359  -108.711    15.000
   25.359  -108.711    15.000
   25.900  -107.347    15.000
   25.900  -107.347    15.000
   25.900  -107.347    15.000
   25.900  -107.347    15.000
   25.900  -107.347    15.000
   26.014  -107.077    15.000
   26.014  -107.077    15.000
   26.014  -107.077    15.000
   26.014  -107.077    15.000
   26.014  -107.077    15.000
   26.267  -107.332    15.000
   26.267  -107.332    15.000
   26.267  -107.332    15.000
   26.267  -107.332    15.000
   26.267  -107.332    15.000
   26.120  -102.834    15.000
   26.120  -102.834    15.000
   26.120  -102.834    15.000
   26.120  -102.834    15.000
   26.120  -102.834    15.000
   26.413  -106.956    15.000
   26.413  -106.956    15.000
   26.413  -106.956    15.000
   26.413  -106.956    15.000
   26.413  -106.956    15.000
   33.003  -110.771    15.000
   33.003  -110.771    15.000
   33.003  -110.771    15.000
   33.003  -110.771    15.000
   33.003  -110.771    15.000
   30.196   -93.333    15.000
   30.196   -93.333    15.000
   30.196   -93.333    15.000
   30.196   -93.333    15.000
   30.196   -93.333    15.000
   27.392  -108.439    15.000
   27.392  -108.439    15.000
   27.392  -108.439    15.000
   27.392  -108.439    15.000
   27.392  -108.439    15.000
   29.514  -111.239    15.000
   29.514  -111.239    15.000
   29.514  -111.239    15.000
   29.514  -111.239    15.000
   29.514  -111.239    15.000
   36.157  -119.036    15.000
   36.157  -119.036    15.000
   36.157  -119.036    15.000
   36.157  -119.036    15.000
   36.157  -119.036    15.000
   26.412  -108.239    15.000
   26.412  -108.239    15.000
   26.412  -108.239    15.000
   26.412  -108.239    15.000
   26.412  -108.239    15.000
   26.619  -107.952    15.000
   26.619  -107.952    15.000
   26.619  -107.952    15.000
   26.619  -107.952    15.000
   26.619  -107.952    15.000
   26.826  -108.367    15.000
   26.826  -108.367    15.000
   26.826  -108.367    15.000
   26.826  -108.367    15.000
   26.826  -108.367    15.000
   39.725  -122.283    15.000
   39.725  -122.283    15.000
   39.725  -122.283    15.000
   39.725  -122.283    15.000
   39.725  -122.283    15.000
   37.404  -103.333    15.000
   37.404  -103.333    15.000
   37.404  -103.333    15.000
   37.404  -103.333    15.000
   37.404  -103.333    15.000
   58.294  -117.502    15.000
   58.294  -117.502    15.000
   58.294  -117.502    15.000
   58.294  -117.502    15.000
   58.294  -117.502    15.000
   59.311  -112.137    15.000
   59.311  -112.137    15.000
   59.311  -112.137    15.000
   59.311  -112.137    15.000
   59.311  -112.137    15.000
   56.997  -117.747    15.000
   56.997  -117.747    15.000
   56.997  -117.747    15.000
   56.997  -117.747    15.000
   56.997  -117.747    15.000
   57.025  -117.838    15.000
   57.025  -117.838    15.000
   57.025  -117.838    15.000
   57.025  -117.838    15.000
   57.025  -117.838    15.000
   57.189  -117.928    15.000
   57.189  -117.928    15.000
   57.189  -117.928    15.000
   57.189  -117.928    15.000
   57.189  -117.928    15.000
   57.160  -117.845    15.000
   57.160  -117.845    15.000
   57.160  -117.845    15.000
   57.160  -117.845    15.000
   57.160  -117.845    15.000
   57.071  -118.062    15.000
   57.071  -118.062    15.000
   57.071  -118.062    15.000
   57.071  -118.062    15.000
   57.071  -118.062    15.000
   58.630  -117.904    15.000
   58.630  -117.904    15.000
   58.630  -117.904    15.000
   58.630  -117.904    15.000
   58.630  -117.904    15.000
   58.633  -117.745    15.000
   58.633  -117.745    15.000
   58.633  -117.745    15.000
   58.633  -117.745    15.000
   58.633  -117.745    15.000
   58.218  -117.471    15.000
   58.218  -117.471    15.000
   58.218  -117.471    15.000
   58.218  -117.471    15.000
   58.218  -117.471    15.000
   58.265  -117.555    15.000
   58.265  -117.555    15.000
   58.265  -117.555    15.000
   58.265  -117.555    15.000
   58.265  -117.555    15.000
   58.515  -117.035    15.000
   58.515  -117.035    15.000
   58.515  -117.035    15.000
   58.515  -117.035    15.000
   58.515  -117.035    15.000
   58.365  -117.418    15.000
   58.365  -117.418    15.000
   58.365  -117.418    15.000
   58.365  -117.418    15.000
   58.365  -117.418    15.000
   48.679   -99.845    15.000
   48.679   -99.845    15.000
   48.679   -99.845    15.000
   48.679   -99.845    15.000
   48.679   -99.845    15.000
   50.008  -100.502    15.000
   50.008  -100.502    15.000
   50.008  -100.502    15.000
   50.008  -100.502    15.000
   50.008  -100.502    15.000
   50.267  -100.681    15.000
   50.267  -100.681    15.000
   50.267  -100.681    15.000
   50.267  -100.681    15.000
   50.267  -100.681    15.000
   36.998   -76.946    15.000
   36.998   -76.946    15.000
   36.998   -76.946    15.000
   36.998   -76.946    15.000
   36.998   -76.946    15.000
   26.885  -101.460    15.000
   26.885  -101.460    15.000
   26.885  -101.460    15.000
   26.885  -101.460    15.000
   26.885  -101.460    15.000
   25.123  -107.490    15.000
   25.123  -107.490    15.000
   25.123  -107.490    15.000
   25.123  -107.490    15.000
   25.123  -107.490    15.000
   25.176  -107.831    15.000
   25.176  -107.831    15.000
   25.176  -107.831    15.000
   25.176  -107.831    15.000
   25.176  -107.831    15.000
   25.282  -107.436    15.000
   25.282  -107.436    15.000
   25.282  -107.436    15.000
   25.282  -107.436    15.000
   25.282  -107.436    15.000
   25.403  -107.233    15.000
   25.403  -107.233    15.000
   25.403  -107.233    15.000
   25.403  -107.233    15.000
   25.403  -107.233    15.000
   25.366  -107.390    15.000
   25.366  -107.390    15.000
   25.366  -107.390    15.000
   25.366  -107.390    15.000
   25.366  -107.390    15.000
   25.437  -107.449    15.000
   25.437  -107.449    15.000
   25.437  -107.449    15.000
   25.437  -107.449    15.000
   25.437  -107.449    15.000
   25.637  -107.514    15.000
   25.637  -107.514    15.000
   25.637  -107.514    15.000
   25.637  -107.514    15.000
   25.637  -107.514    15.000
   48.643  -102.825    15.000
   48.643  -102.825    15.000
   48.643  -102.825    15.000
   48.643  -102.825    15.000
   48.643  -102.825    15.000
   25.739  -106.927    15.000
   25.739  -106.927    15.000
   25.739  -106.927    15.000
   25.739  -106.927    15.000
   25.739  -106.927    15.000
   30.524  -115.890    15.000
   30.524  -115.890    15.000
   30.524  -115.890    15.000
   30.524  -115.890    15.000
   30.524  -115.890    15.000
   54.082  -114.176    15.000
   54.082  -114.176    15.000
   54.082  -114.176    15.000
   54.082  -114.176    15.000
   54.082  -114.176    15.000
   58.630  -117.700    15.000
   58.630  -117.700    15.000
   58.630  -117.700    15.000
   58.630  -117.700    15.000
   58.630  -117.700    15.000
   58.640  -117.810    15.000
   58.640  -117.810    15.000
   58.640  -117.810    15.000
   58.640  -117.810    15.000
   58.640  -117.810    15.000
   58.240  -117.305    15.000
   58.240  -117.305    15.000
   58.240  -117.305    15.000
   58.240  -117.305    15.000
   58.240  -117.305    15.000
   52.033   -68.493    15.000
   52.033   -68.493    15.000
   52.033   -68.493    15.000
   52.033   -68.493    15.000
   52.033   -68.493    15.000
   50.793  -101.941    15.000
   50.793  -101.941    15.000
   50.793  -101.941    15.000
   50.793  -101.941    15.000
   50.793  -101.941    15.000
   27.088  -108.074    15.000
   27.088  -108.074    15.000
   27.088  -108.074    15.000
   27.088  -108.074    15.000
   27.088  -108.074    15.000
   64.015  -146.168    15.000
   64.015  -146.168    15.000
   64.015  -146.168    15.000
   64.015  -146.168    15.000
   64.015  -146.168    15.000
   50.389   -99.269    15.000
   50.389   -99.269    15.000
   50.389   -99.269    15.000
   50.389   -99.269    15.000
   50.389   -99.269    15.000
   27.463  -108.256    15.000
   27.463  -108.256    15.000
   27.463  -108.256    15.000
   27.463  -108.256    15.000
   27.463  -108.256    15.000
   59.169  -113.979    15.000
   59.169  -113.979    15.000
   59.169  -113.979    15.000
   59.169  -113.979    15.000
   59.169  -113.979    15.000
   58.229  -117.365    15.000
   58.229  -117.365    15.000
   58.229  -117.365    15.000
   58.229  -117.365    15.000
   58.229  -117.365    15.000
   26.160  -107.884    15.000
   26.160  -107.884    15.000
   26.160  -107.884    15.000
   26.160  -107.884    15.000
   26.160  -107.884    15.000
   58.464  -117.230    15.000
   58.464  -117.230    15.000
   58.464  -117.230    15.000
   58.464  -117.230    15.000
   58.464  -117.230    15.000
   29.969  -107.486    15.000
   29.969  -107.486    15.000
   29.969  -107.486    15.000
   29.969  -107.486    15.000
   29.969  -107.486    15.000
   36.358   -76.805    15.000
   36.358   -76.805    15.000
   36.358   -76.805    15.000
   36.358   -76.805    15.000
   36.358   -76.805    15.000
   25.385  -107.364    15.000
   25.385  -107.364    15.000
   25.385  -107.364    15.000
   25.385  -107.364    15.000
   25.385  -107.364    15.000
   55.250  -114.517    15.000
   55.250  -114.517    15.000
   55.250  -114.517    15.000
   55.250  -114.517    15.000
   55.250  -114.517    15.000
   31.848   -89.530    15.000
   31.848   -89.530    15.000
   31.848   -89.530    15.000
   31.848   -89.530    15.000
   31.848   -89.530    15.000
   57.156  -117.924    15.000
   57.156  -117.924    15.000
   57.156  -117.924    15.000
   57.156  -117.924    15.000
   57.156  -117.924    15.000
   58.524  -117.742    15.000
   58.524  -117.742    15.000
   58.524  -117.742    15.000
   58.524  -117.742    15.000
   58.524  -117.742    15.000
   48.374  -100.385    15.000
   48.374  -100.385    15.000
   48.374  -100.385    15.000
   48.374  -100.385    15.000
   48.374  -100.385    15.000
   26.409  -106.665    15.000
   26.409  -106.665    15.000
   26.409  -106.665    15.000
   26.409  -106.665    15.000
   26.409  -106.665    15.000
   25.411  -107.555    15.000
   25.411  -107.555    15.000
   25.411  -107.555    15.000
   25.411  -107.555    15.000
   25.411  -107.555    15.000
   25.703  -107.744    15.000
   25.703  -107.744    15.000
   25.703  -107.744    15.000
   25.703  -107.744    15.000
   25.703  -107.744    15.000
   25.884  -107.820    15.000
   25.884  -107.820    15.000
   25.884  -107.820    15.000
   25.884  -107.820    15.000
   25.884  -107.820    15.000
   25.223  -107.732    15.000
   25.223  -107.732    15.000
   25.223  -107.732    15.000
   25.223  -107.732    15.000
   25.223  -107.732    15.000
   36.271   -78.443    15.000
   36.271   -78.443    15.000
   36.271   -78.443    15.000
   36.271   -78.443    15.000
   36.271   -78.443    15.000
   35.611   -76.233    15.000
   35.611   -76.233    15.000
   35.611   -76.233    15.000
   35.611   -76.233    15.000
   35.611   -76.233    15.000
   35.814   -76.103    15.000
   35.814   -76.103    15.000
   35.814   -76.103    15.000
   35.814   -76.103    15.000
   35.814   -76.103    15.000
   34.107   -78.937    15.000
   34.107   -78.937    15.000
   34.107   -78.937    15.000
   34.107   -78.937    15.000
   34.107   -78.937    15.000
   31.033   -91.689    15.000
   31.033   -91.689    15.000
   31.033   -91.689    15.000
   31.033   -91.689    15.000
   31.033   -91.689    15.000
   31.297   -91.593    15.000
   31.297   -91.593    15.000
   31.297   -91.593    15.000
   31.297   -91.593    15.000
   31.297   -91.593    15.000
   31.362  -101.771    15.000
   31.362  -101.771    15.000
   31.362  -101.771    15.000
   31.362  -101.771    15.000
   31.362  -101.771    15.000
   31.519   -94.150    15.000
   31.519   -94.150    15.000
   31.519   -94.150    15.000
   31.519   -94.150    15.000
   31.519   -94.150    15.000
   58.260  -117.480    15.000
   58.260  -117.480    15.000
   58.260  -117.480    15.000
   58.260  -117.480    15.000
   58.260  -117.480    15.000
   29.480   -97.417    15.000
   29.480   -97.417    15.000
   29.480   -97.417    15.000
   29.480   -97.417    15.000
   29.480   -97.417    15.000
   29.579   -98.034    15.000
   29.579   -98.034    15.000
   29.579   -98.034    15.000
   29.579   -98.034    15.000
   29.579   -98.034    15.000
   30.864   -91.834    15.000
   30.864   -91.834    15.000
   30.864   -91.834    15.000
   30.864   -91.834    15.000
   30.864   -91.834    15.000
   31.657   -89.179    15.000
   31.657   -89.179    15.000
   31.657   -89.179    15.000
   31.657   -89.179    15.000
   31.657   -89.179    15.000
   31.360  -101.800    15.000
   31.360  -101.800    15.000
   31.360  -101.800    15.000
   31.360  -101.800    15.000
   31.360  -101.800    15.000
   31.640   -95.055    15.000
   31.640   -95.055    15.000
   31.640   -95.055    15.000
   31.640   -95.055    15.000
   31.640   -95.055    15.000
   59.165  -113.975    15.000
   59.165  -113.975    15.000
   59.165  -113.975    15.000
   59.165  -113.975    15.000
   59.165  -113.975    15.000
   58.550  -117.525    15.000
   58.550  -117.525    15.000
   58.550  -117.525    15.000
   58.550  -117.525    15.000
   58.550  -117.525    15.000
   58.600  -117.720    15.000
   58.600  -117.720    15.000
   58.600  -117.720    15.000
   58.600  -117.720    15.000
   58.600  -117.720    15.000
   58.590  -117.820    15.000
   58.590  -117.820    15.000
   58.590  -117.820    15.000
   58.590  -117.820    15.000
   58.590  -117.820    15.000
   58.610  -117.810    15.000
   58.610  -117.810    15.000
   58.610  -117.810    15.000
   58.610  -117.810    15.000
   58.610  -117.810    15.000
   57.110  -117.835    15.000
   57.110  -117.835    15.000
   57.110  -117.835    15.000
   57.110  -117.835    15.000
   57.110  -117.835    15.000
   58.363  -117.632    15.000
   58.363  -117.632    15.000
   58.363  -117.632    15.000
   58.363  -117.632    15.000
   58.363  -117.632    15.000
   59.333  -112.153    15.000
   59.333  -112.153    15.000
   59.333  -112.153    15.000
   59.333  -112.153    15.000
   59.333  -112.153    15.000
   59.264  -112.164    15.000
   59.264  -112.164    15.000
   59.264  -112.164    15.000
   59.264  -112.164    15.000
   59.264  -112.164    15.000
   58.270  -117.500    15.000
   58.270  -117.500    15.000
   58.270  -117.500    15.000
   58.270  -117.500    15.000
   58.270  -117.500    15.000
   58.320  -117.583    15.000
   58.320  -117.583    15.000
   58.320  -117.583    15.000
   58.320  -117.583    15.000
   58.320  -117.583    15.000
   58.200  -117.470    15.000
   58.200  -117.470    15.000
   58.200  -117.470    15.000
   58.200  -117.470    15.000
   58.200  -117.470    15.000
   58.405  -117.650    15.000
   58.405  -117.650    15.000
   58.405  -117.650    15.000
   58.405  -117.650    15.000
   58.405  -117.650    15.000
   59.325  -112.240    15.000
   59.325  -112.240    15.000
   59.325  -112.240    15.000
   59.325  -112.240    15.000
   59.325  -112.240    15.000
   57.090  -117.800    15.000
   57.090  -117.800    15.000
   57.090  -117.800    15.000
   57.090  -117.800    15.000
   57.090  -117.800    15.000
   59.294  -112.227    15.000
   59.294  -112.227    15.000
   59.294  -112.227    15.000
   59.294  -112.227    15.000
   59.294  -112.227    15.000
   58.505  -117.280    15.000
   58.505  -117.280    15.000
   58.505  -117.280    15.000
   58.505  -117.280    15.000
   58.505  -117.280    15.000
   58.500  -117.195    15.000
   58.500  -117.195    15.000
   58.500  -117.195    15.000
   58.500  -117.195    15.000
   58.500  -117.195    15.000
   58.470  -117.240    15.000
   58.470  -117.240    15.000
   58.470  -117.240    15.000
   58.470  -117.240    15.000
   58.470  -117.240    15.000
   58.490  -117.240    15.000
   58.490  -117.240    15.000
   58.490  -117.240    15.000
   58.490  -117.240    15.000
   58.490  -117.240    15.000
   58.530  -117.330    15.000
   58.530  -117.330    15.000
   58.530  -117.330    15.000
   58.530  -117.330    15.000
   58.530  -117.330    15.000
   58.530  -117.500    15.000
   58.530  -117.500    15.000
   58.530  -117.500    15.000
   58.530  -117.500    15.000
   58.530  -117.500    15.000
   57.040  -118.050    15.000
   57.040  -118.050    15.000
   57.040  -118.050    15.000
   57.040  -118.050    15.000
   57.040  -118.050    15.000
   58.585  -117.905    15.000
   58.585  -117.905    15.000
   58.585  -117.905    15.000
   58.585  -117.905    15.000
   58.585  -117.905    15.000
   58.390  -117.680    15.000
   58.390  -117.680    15.000
   58.390  -117.680    15.000
   58.390  -117.680    15.000
   58.390  -117.680    15.000
   58.220  -117.470    15.000
   58.220  -117.470    15.000
   58.220  -117.470    15.000
   58.220  -117.470    15.000
   58.220  -117.470    15.000
   58.480  -117.170    15.000
   58.480  -117.170    15.000
   58.480  -117.170    15.000
   58.480  -117.170    15.000
   58.480  -117.170    15.000
   58.230  -117.510    15.000
   58.230  -117.510    15.000
   58.230  -117.510    15.000
   58.230  -117.510    15.000
   58.230  -117.510    15.000
   59.180  -113.900    15.000
   59.180  -113.900    15.000
   59.180  -113.900    15.000
   59.180  -113.900    15.000
   59.180  -113.900    15.000
   55.870  -114.430    15.000
   55.870  -114.430    15.000
   55.870  -114.430    15.000
   55.870  -114.430    15.000
   55.870  -114.430    15.000
   55.915  -114.495    15.000
   55.915  -114.495    15.000
   55.915  -114.495    15.000
   55.915  -114.495    15.000
   55.915  -114.495    15.000
   55.980  -114.545    15.000
   55.980  -114.545    15.000
   55.980  -114.545    15.000
   55.980  -114.545    15.000
   55.980  -114.545    15.000
   55.998  -114.607    15.000
   55.998  -114.607    15.000
   55.998  -114.607    15.000
   55.998  -114.607    15.000
   55.998  -114.607    15.000
   55.910  -114.750    15.000
   55.910  -114.750    15.000
   55.910  -114.750    15.000
   55.910  -114.750    15.000
   55.910  -114.750    15.000
   55.750  -114.600    15.000
   55.750  -114.600    15.000
   55.750  -114.600    15.000
   55.750  -114.600    15.000
   55.750  -114.600    15.000
   55.960  -114.550    15.000
   55.960  -114.550    15.000
   55.960  -114.550    15.000
   55.960  -114.550    15.000
   55.960  -114.550    15.000
   55.000   -98.500    15.000
   55.000   -98.500    15.000
   55.000   -98.500    15.000
   55.000   -98.500    15.000
   55.000   -98.500    15.000
0024
0
  10000.0
1
./
ERA5-20190526-00-casestudy-31km.arl
1
PM25
0.001
    24.000
19 05 26 00 00
1
   55.000   -98.500
    0.100     0.100
   30.000    92.000
./
hysplit.con
1
10
19 05 26 00 00
19 05 27 00 00
0 1 0
1
1 1 1
0 0 0 0 0
0 0.0001 0.0005
0
0.0
