19 05 19 00
830
   64.010  -146.103    15.000
   64.010  -146.103    15.000
   64.010  -146.103    15.000
   64.010  -146.103    15.000
   64.010  -146.103    15.000
   63.953  -146.056    15.000
   63.953  -146.056    15.000
   63.953  -146.056    15.000
   63.953  -146.056    15.000
   63.953  -146.056    15.000
   36.164   -83.395    15.000
   36.164   -83.395    15.000
   36.164   -83.395    15.000
   36.164   -83.395    15.000
   36.164   -83.395    15.000
   34.966   -78.031    15.000
   34.966   -78.031    15.000
   34.966   -78.031    15.000
   34.966   -78.031    15.000
   34.966   -78.031    15.000
   34.921   -92.435    15.000
   34.921   -92.435    15.000
   34.921   -92.435    15.000
   34.921   -92.435    15.000
   34.921   -92.435    15.000
   33.034   -84.956    15.000
   33.034   -84.956    15.000
   33.034   -84.956    15.000
   33.034   -84.956    15.000
   33.034   -84.956    15.000
   58.313  -117.365    15.000
   58.313  -117.365    15.000
   58.313  -117.365    15.000
   58.313  -117.365    15.000
   58.313  -117.365    15.000
   58.280  -117.313    15.000
   58.280  -117.313    15.000
   58.280  -117.313    15.000
   58.280  -117.313    15.000
   58.280  -117.313    15.000
   58.328  -117.371    15.000
   58.328  -117.371    15.000
   58.328  -117.371    15.000
   58.328  -117.371    15.000
   58.328  -117.371    15.000
   58.378  -117.469    15.000
   58.378  -117.469    15.000
   58.378  -117.469    15.000
   58.378  -117.469    15.000
   58.378  -117.469    15.000
   41.699   -99.573    15.000
   41.699   -99.573    15.000
   41.699   -99.573    15.000
   41.699   -99.573    15.000
   41.699   -99.573    15.000
   30.521   -86.604    15.000
   30.521   -86.604    15.000
   30.521   -86.604    15.000
   30.521   -86.604    15.000
   30.521   -86.604    15.000
   58.341  -117.448    15.000
   58.341  -117.448    15.000
   58.341  -117.448    15.000
   58.341  -117.448    15.000
   58.341  -117.448    15.000
   57.095  -117.987    15.000
   57.095  -117.987    15.000
   57.095  -117.987    15.000
   57.095  -117.987    15.000
   57.095  -117.987    15.000
   57.099  -117.890    15.000
   57.099  -117.890    15.000
   57.099  -117.890    15.000
   57.099  -117.890    15.000
   57.099  -117.890    15.000
   57.045  -117.865    15.000
   57.045  -117.865    15.000
   57.045  -117.865    15.000
   57.045  -117.865    15.000
   57.045  -117.865    15.000
   58.360  -117.519    15.000
   58.360  -117.519    15.000
   58.360  -117.519    15.000
   58.360  -117.519    15.000
   58.360  -117.519    15.000
   58.300  -117.316    15.000
   58.300  -117.316    15.000
   58.300  -117.316    15.000
   58.300  -117.316    15.000
   58.300  -117.316    15.000
   58.329  -117.256    15.000
   58.329  -117.256    15.000
   58.329  -117.256    15.000
   58.329  -117.256    15.000
   58.329  -117.256    15.000
   55.713  -114.403    15.000
   55.713  -114.403    15.000
   55.713  -114.403    15.000
   55.713  -114.403    15.000
   55.713  -114.403    15.000
   30.497   -86.684    15.000
   30.497   -86.684    15.000
   30.497   -86.684    15.000
   30.497   -86.684    15.000
   30.497   -86.684    15.000
   41.606   -71.436    15.000
   41.606   -71.436    15.000
   41.606   -71.436    15.000
   41.606   -71.436    15.000
   41.606   -71.436    15.000
   41.603   -71.474    15.000
   41.603   -71.474    15.000
   41.603   -71.474    15.000
   41.603   -71.474    15.000
   41.603   -71.474    15.000
   34.590   -88.218    15.000
   34.590   -88.218    15.000
   34.590   -88.218    15.000
   34.590   -88.218    15.000
   34.590   -88.218    15.000
   31.148   -87.982    15.000
   31.148   -87.982    15.000
   31.148   -87.982    15.000
   31.148   -87.982    15.000
   31.148   -87.982    15.000
   30.154  -100.111    15.000
   30.154  -100.111    15.000
   30.154  -100.111    15.000
   30.154  -100.111    15.000
   30.154  -100.111    15.000
   31.293   -98.582    15.000
   31.293   -98.582    15.000
   31.293   -98.582    15.000
   31.293   -98.582    15.000
   31.293   -98.582    15.000
   31.916  -100.710    15.000
   31.916  -100.710    15.000
   31.916  -100.710    15.000
   31.916  -100.710    15.000
   31.916  -100.710    15.000
   31.642   -85.608    15.000
   31.642   -85.608    15.000
   31.642   -85.608    15.000
   31.642   -85.608    15.000
   31.642   -85.608    15.000
   35.082   -80.612    15.000
   35.082   -80.612    15.000
   35.082   -80.612    15.000
   35.082   -80.612    15.000
   35.082   -80.612    15.000
   31.122   -86.505    15.000
   31.122   -86.505    15.000
   31.122   -86.505    15.000
   31.122   -86.505    15.000
   31.122   -86.505    15.000
   37.233   -82.038    15.000
   37.233   -82.038    15.000
   37.233   -82.038    15.000
   37.233   -82.038    15.000
   37.233   -82.038    15.000
   30.356   -82.415    15.000
   30.356   -82.415    15.000
   30.356   -82.415    15.000
   30.356   -82.415    15.000
   30.356   -82.415    15.000
   35.104   -79.243    15.000
   35.104   -79.243    15.000
   35.104   -79.243    15.000
   35.104   -79.243    15.000
   35.104   -79.243    15.000
   32.220   -88.027    15.000
   32.220   -88.027    15.000
   32.220   -88.027    15.000
   32.220   -88.027    15.000
   32.220   -88.027    15.000
   38.282   -88.204    15.000
   38.282   -88.204    15.000
   38.282   -88.204    15.000
   38.282   -88.204    15.000
   38.282   -88.204    15.000
   30.663   -89.071    15.000
   30.663   -89.071    15.000
   30.663   -89.071    15.000
   30.663   -89.071    15.000
   30.663   -89.071    15.000
   31.375   -90.370    15.000
   31.375   -90.370    15.000
   31.375   -90.370    15.000
   31.375   -90.370    15.000
   31.375   -90.370    15.000
   30.676   -84.030    15.000
   30.676   -84.030    15.000
   30.676   -84.030    15.000
   30.676   -84.030    15.000
   30.676   -84.030    15.000
   32.655   -81.581    15.000
   32.655   -81.581    15.000
   32.655   -81.581    15.000
   32.655   -81.581    15.000
   32.655   -81.581    15.000
   31.889   -81.530    15.000
   31.889   -81.530    15.000
   31.889   -81.530    15.000
   31.889   -81.530    15.000
   31.889   -81.530    15.000
   32.217  -110.539    15.000
   32.217  -110.539    15.000
   32.217  -110.539    15.000
   32.217  -110.539    15.000
   32.217  -110.539    15.000
   30.255   -84.564    15.000
   30.255   -84.564    15.000
   30.255   -84.564    15.000
   30.255   -84.564    15.000
   30.255   -84.564    15.000
   54.575  -111.597    15.000
   54.575  -111.597    15.000
   54.575  -111.597    15.000
   54.575  -111.597    15.000
   54.575  -111.597    15.000
   31.879   -83.732    15.000
   31.879   -83.732    15.000
   31.879   -83.732    15.000
   31.879   -83.732    15.000
   31.879   -83.732    15.000
   35.342   -90.493    15.000
   35.342   -90.493    15.000
   35.342   -90.493    15.000
   35.342   -90.493    15.000
   35.342   -90.493    15.000
   28.228   -81.078    15.000
   28.228   -81.078    15.000
   28.228   -81.078    15.000
   28.228   -81.078    15.000
   28.228   -81.078    15.000
   33.419   -81.895    15.000
   33.419   -81.895    15.000
   33.419   -81.895    15.000
   33.419   -81.895    15.000
   33.419   -81.895    15.000
   40.303   -79.869    15.000
   40.303   -79.869    15.000
   40.303   -79.869    15.000
   40.303   -79.869    15.000
   40.303   -79.869    15.000
   34.676   -77.976    15.000
   34.676   -77.976    15.000
   34.676   -77.976    15.000
   34.676   -77.976    15.000
   34.676   -77.976    15.000
   31.215   -83.780    15.000
   31.215   -83.780    15.000
   31.215   -83.780    15.000
   31.215   -83.780    15.000
   31.215   -83.780    15.000
   32.166   -81.194    15.000
   32.166   -81.194    15.000
   32.166   -81.194    15.000
   32.166   -81.194    15.000
   32.166   -81.194    15.000
   41.774   -70.750    15.000
   41.774   -70.750    15.000
   41.774   -70.750    15.000
   41.774   -70.750    15.000
   41.774   -70.750    15.000
   32.755   -81.047    15.000
   32.755   -81.047    15.000
   32.755   -81.047    15.000
   32.755   -81.047    15.000
   32.755   -81.047    15.000
   30.111   -82.657    15.000
   30.111   -82.657    15.000
   30.111   -82.657    15.000
   30.111   -82.657    15.000
   30.111   -82.657    15.000
   25.612  -104.167    15.000
   25.612  -104.167    15.000
   25.612  -104.167    15.000
   25.612  -104.167    15.000
   25.612  -104.167    15.000
   28.580  -100.599    15.000
   28.580  -100.599    15.000
   28.580  -100.599    15.000
   28.580  -100.599    15.000
   28.580  -100.599    15.000
   26.158  -102.744    15.000
   26.158  -102.744    15.000
   26.158  -102.744    15.000
   26.158  -102.744    15.000
   26.158  -102.744    15.000
   30.501  -109.633    15.000
   30.501  -109.633    15.000
   30.501  -109.633    15.000
   30.501  -109.633    15.000
   30.501  -109.633    15.000
   25.439  -107.395    15.000
   25.439  -107.395    15.000
   25.439  -107.395    15.000
   25.439  -107.395    15.000
   25.439  -107.395    15.000
   25.369  -107.335    15.000
   25.369  -107.335    15.000
   25.369  -107.335    15.000
   25.369  -107.335    15.000
   25.369  -107.335    15.000
   26.062  -107.420    15.000
   26.062  -107.420    15.000
   26.062  -107.420    15.000
   26.062  -107.420    15.000
   26.062  -107.420    15.000
   25.244  -107.411    15.000
   25.244  -107.411    15.000
   25.244  -107.411    15.000
   25.244  -107.411    15.000
   25.244  -107.411    15.000
   26.667  -107.116    15.000
   26.667  -107.116    15.000
   26.667  -107.116    15.000
   26.667  -107.116    15.000
   26.667  -107.116    15.000
   53.346  -103.083    15.000
   53.346  -103.083    15.000
   53.346  -103.083    15.000
   53.346  -103.083    15.000
   53.346  -103.083    15.000
   54.511  -108.372    15.000
   54.511  -108.372    15.000
   54.511  -108.372    15.000
   54.511  -108.372    15.000
   54.511  -108.372    15.000
   40.911   -76.097    15.000
   40.911   -76.097    15.000
   40.911   -76.097    15.000
   40.911   -76.097    15.000
   40.911   -76.097    15.000
   51.441  -102.214    15.000
   51.441  -102.214    15.000
   51.441  -102.214    15.000
   51.441  -102.214    15.000
   51.441  -102.214    15.000
   31.365  -101.791    15.000
   31.365  -101.791    15.000
   31.365  -101.791    15.000
   31.365  -101.791    15.000
   31.365  -101.791    15.000
   31.961  -102.600    15.000
   31.961  -102.600    15.000
   31.961  -102.600    15.000
   31.961  -102.600    15.000
   31.961  -102.600    15.000
   32.922  -108.895    15.000
   32.922  -108.895    15.000
   32.922  -108.895    15.000
   32.922  -108.895    15.000
   32.922  -108.895    15.000
   55.645  -114.533    15.000
   55.645  -114.533    15.000
   55.645  -114.533    15.000
   55.645  -114.533    15.000
   55.645  -114.533    15.000
   26.870  -101.430    15.000
   26.870  -101.430    15.000
   26.870  -101.430    15.000
   26.870  -101.430    15.000
   26.870  -101.430    15.000
   58.256  -117.394    15.000
   58.256  -117.394    15.000
   58.256  -117.394    15.000
   58.256  -117.394    15.000
   58.256  -117.394    15.000
   52.882  -105.448    15.000
   52.882  -105.448    15.000
   52.882  -105.448    15.000
   52.882  -105.448    15.000
   52.882  -105.448    15.000
   53.065  -105.076    15.000
   53.065  -105.076    15.000
   53.065  -105.076    15.000
   53.065  -105.076    15.000
   53.065  -105.076    15.000
   51.883  -101.854    15.000
   51.883  -101.854    15.000
   51.883  -101.854    15.000
   51.883  -101.854    15.000
   51.883  -101.854    15.000
   53.459  -106.820    15.000
   53.459  -106.820    15.000
   53.459  -106.820    15.000
   53.459  -106.820    15.000
   53.459  -106.820    15.000
   52.395  -104.366    15.000
   52.395  -104.366    15.000
   52.395  -104.366    15.000
   52.395  -104.366    15.000
   52.395  -104.366    15.000
   52.341  -105.395    15.000
   52.341  -105.395    15.000
   52.341  -105.395    15.000
   52.341  -105.395    15.000
   52.341  -105.395    15.000
   51.555  -104.210    15.000
   51.555  -104.210    15.000
   51.555  -104.210    15.000
   51.555  -104.210    15.000
   51.555  -104.210    15.000
   51.027  -102.328    15.000
   51.027  -102.328    15.000
   51.027  -102.328    15.000
   51.027  -102.328    15.000
   51.027  -102.328    15.000
   51.628  -103.334    15.000
   51.628  -103.334    15.000
   51.628  -103.334    15.000
   51.628  -103.334    15.000
   51.628  -103.334    15.000
   51.340  -103.500    15.000
   51.340  -103.500    15.000
   51.340  -103.500    15.000
   51.340  -103.500    15.000
   51.340  -103.500    15.000
   51.622  -103.925    15.000
   51.622  -103.925    15.000
   51.622  -103.925    15.000
   51.622  -103.925    15.000
   51.622  -103.925    15.000
   50.989  -102.844    15.000
   50.989  -102.844    15.000
   50.989  -102.844    15.000
   50.989  -102.844    15.000
   50.989  -102.844    15.000
   50.929  -104.383    15.000
   50.929  -104.383    15.000
   50.929  -104.383    15.000
   50.929  -104.383    15.000
   50.929  -104.383    15.000
   51.241  -103.969    15.000
   51.241  -103.969    15.000
   51.241  -103.969    15.000
   51.241  -103.969    15.000
   51.241  -103.969    15.000
   51.381  -103.852    15.000
   51.381  -103.852    15.000
   51.381  -103.852    15.000
   51.381  -103.852    15.000
   51.381  -103.852    15.000
   51.898  -103.585    15.000
   51.898  -103.585    15.000
   51.898  -103.585    15.000
   51.898  -103.585    15.000
   51.898  -103.585    15.000
   52.080  -103.610    15.000
   52.080  -103.610    15.000
   52.080  -103.610    15.000
   52.080  -103.610    15.000
   52.080  -103.610    15.000
   52.168  -103.858    15.000
   52.168  -103.858    15.000
   52.168  -103.858    15.000
   52.168  -103.858    15.000
   52.168  -103.858    15.000
   51.338  -106.081    15.000
   51.338  -106.081    15.000
   51.338  -106.081    15.000
   51.338  -106.081    15.000
   51.338  -106.081    15.000
   51.533  -102.504    15.000
   51.533  -102.504    15.000
   51.533  -102.504    15.000
   51.533  -102.504    15.000
   51.533  -102.504    15.000
   51.290  -100.066    15.000
   51.290  -100.066    15.000
   51.290  -100.066    15.000
   51.290  -100.066    15.000
   51.290  -100.066    15.000
   43.176   -73.736    15.000
   43.176   -73.736    15.000
   43.176   -73.736    15.000
   43.176   -73.736    15.000
   43.176   -73.736    15.000
   34.444   -81.898    15.000
   34.444   -81.898    15.000
   34.444   -81.898    15.000
   34.444   -81.898    15.000
   34.444   -81.898    15.000
   35.086   -79.096    15.000
   35.086   -79.096    15.000
   35.086   -79.096    15.000
   35.086   -79.096    15.000
   35.086   -79.096    15.000
   30.940   -88.019    15.000
   30.940   -88.019    15.000
   30.940   -88.019    15.000
   30.940   -88.019    15.000
   30.940   -88.019    15.000
   34.637   -87.091    15.000
   34.637   -87.091    15.000
   34.637   -87.091    15.000
   34.637   -87.091    15.000
   34.637   -87.091    15.000
   31.661  -100.643    15.000
   31.661  -100.643    15.000
   31.661  -100.643    15.000
   31.661  -100.643    15.000
   31.661  -100.643    15.000
   32.210  -101.930    15.000
   32.210  -101.930    15.000
   32.210  -101.930    15.000
   32.210  -101.930    15.000
   32.210  -101.930    15.000
   32.449  -100.426    15.000
   32.449  -100.426    15.000
   32.449  -100.426    15.000
   32.449  -100.426    15.000
   32.449  -100.426    15.000
   28.691   -82.175    15.000
   28.691   -82.175    15.000
   28.691   -82.175    15.000
   28.691   -82.175    15.000
   28.691   -82.175    15.000
   30.123   -83.098    15.000
   30.123   -83.098    15.000
   30.123   -83.098    15.000
   30.123   -83.098    15.000
   30.123   -83.098    15.000
   29.660   -82.679    15.000
   29.660   -82.679    15.000
   29.660   -82.679    15.000
   29.660   -82.679    15.000
   29.660   -82.679    15.000
   31.101   -89.142    15.000
   31.101   -89.142    15.000
   31.101   -89.142    15.000
   31.101   -89.142    15.000
   31.101   -89.142    15.000
   42.681  -111.594    15.000
   42.681  -111.594    15.000
   42.681  -111.594    15.000
   42.681  -111.594    15.000
   42.681  -111.594    15.000
   41.750   -71.114    15.000
   41.750   -71.114    15.000
   41.750   -71.114    15.000
   41.750   -71.114    15.000
   41.750   -71.114    15.000
   40.757   -81.432    15.000
   40.757   -81.432    15.000
   40.757   -81.432    15.000
   40.757   -81.432    15.000
   40.757   -81.432    15.000
   30.338  -101.125    15.000
   30.338  -101.125    15.000
   30.338  -101.125    15.000
   30.338  -101.125    15.000
   30.338  -101.125    15.000
   30.050   -93.340    15.000
   30.050   -93.340    15.000
   30.050   -93.340    15.000
   30.050   -93.340    15.000
   30.050   -93.340    15.000
   38.251   -88.154    15.000
   38.251   -88.154    15.000
   38.251   -88.154    15.000
   38.251   -88.154    15.000
   38.251   -88.154    15.000
   35.645   -89.930    15.000
   35.645   -89.930    15.000
   35.645   -89.930    15.000
   35.645   -89.930    15.000
   35.645   -89.930    15.000
   46.379  -120.513    15.000
   46.379  -120.513    15.000
   46.379  -120.513    15.000
   46.379  -120.513    15.000
   46.379  -120.513    15.000
   39.570   -86.638    15.000
   39.570   -86.638    15.000
   39.570   -86.638    15.000
   39.570   -86.638    15.000
   39.570   -86.638    15.000
   41.901   -97.750    15.000
   41.901   -97.750    15.000
   41.901   -97.750    15.000
   41.901   -97.750    15.000
   41.901   -97.750    15.000
   36.585   -89.795    15.000
   36.585   -89.795    15.000
   36.585   -89.795    15.000
   36.585   -89.795    15.000
   36.585   -89.795    15.000
   25.125  -107.473    15.000
   25.125  -107.473    15.000
   25.125  -107.473    15.000
   25.125  -107.473    15.000
   25.125  -107.473    15.000
   25.406  -107.321    15.000
   25.406  -107.321    15.000
   25.406  -107.321    15.000
   25.406  -107.321    15.000
   25.406  -107.321    15.000
   25.417  -107.579    15.000
   25.417  -107.579    15.000
   25.417  -107.579    15.000
   25.417  -107.579    15.000
   25.417  -107.579    15.000
   25.497  -107.555    15.000
   25.497  -107.555    15.000
   25.497  -107.555    15.000
   25.497  -107.555    15.000
   25.497  -107.555    15.000
   25.670  -107.717    15.000
   25.670  -107.717    15.000
   25.670  -107.717    15.000
   25.670  -107.717    15.000
   25.670  -107.717    15.000
   25.838  -107.789    15.000
   25.838  -107.789    15.000
   25.838  -107.789    15.000
   25.838  -107.789    15.000
   25.838  -107.789    15.000
   26.895  -107.797    15.000
   26.895  -107.797    15.000
   26.895  -107.797    15.000
   26.895  -107.797    15.000
   26.895  -107.797    15.000
   27.399  -108.876    15.000
   27.399  -108.876    15.000
   27.399  -108.876    15.000
   27.399  -108.876    15.000
   27.399  -108.876    15.000
   27.685  -109.222    15.000
   27.685  -109.222    15.000
   27.685  -109.222    15.000
   27.685  -109.222    15.000
   27.685  -109.222    15.000
   35.941   -89.708    15.000
   35.941   -89.708    15.000
   35.941   -89.708    15.000
   35.941   -89.708    15.000
   35.941   -89.708    15.000
   34.210   -79.146    15.000
   34.210   -79.146    15.000
   34.210   -79.146    15.000
   34.210   -79.146    15.000
   34.210   -79.146    15.000
   37.198   -76.601    15.000
   37.198   -76.601    15.000
   37.198   -76.601    15.000
   37.198   -76.601    15.000
   37.198   -76.601    15.000
   35.585   -87.857    15.000
   35.585   -87.857    15.000
   35.585   -87.857    15.000
   35.585   -87.857    15.000
   35.585   -87.857    15.000
   35.972  -104.935    15.000
   35.972  -104.935    15.000
   35.972  -104.935    15.000
   35.972  -104.935    15.000
   35.972  -104.935    15.000
   27.230   -98.822    15.000
   27.230   -98.822    15.000
   27.230   -98.822    15.000
   27.230   -98.822    15.000
   27.230   -98.822    15.000
   51.276   -99.163    15.000
   51.276   -99.163    15.000
   51.276   -99.163    15.000
   51.276   -99.163    15.000
   51.276   -99.163    15.000
   52.786  -114.358    15.000
   52.786  -114.358    15.000
   52.786  -114.358    15.000
   52.786  -114.358    15.000
   52.786  -114.358    15.000
   54.323  -111.837    15.000
   54.323  -111.837    15.000
   54.323  -111.837    15.000
   54.323  -111.837    15.000
   54.323  -111.837    15.000
   51.007  -102.090    15.000
   51.007  -102.090    15.000
   51.007  -102.090    15.000
   51.007  -102.090    15.000
   51.007  -102.090    15.000
   52.212  -101.076    15.000
   52.212  -101.076    15.000
   52.212  -101.076    15.000
   52.212  -101.076    15.000
   52.212  -101.076    15.000
   51.224  -104.674    15.000
   51.224  -104.674    15.000
   51.224  -104.674    15.000
   51.224  -104.674    15.000
   51.224  -104.674    15.000
   51.396  -102.822    15.000
   51.396  -102.822    15.000
   51.396  -102.822    15.000
   51.396  -102.822    15.000
   51.396  -102.822    15.000
   43.351   -72.483    15.000
   43.351   -72.483    15.000
   43.351   -72.483    15.000
   43.351   -72.483    15.000
   43.351   -72.483    15.000
   43.029   -71.159    15.000
   43.029   -71.159    15.000
   43.029   -71.159    15.000
   43.029   -71.159    15.000
   43.029   -71.159    15.000
   37.233   -88.796    15.000
   37.233   -88.796    15.000
   37.233   -88.796    15.000
   37.233   -88.796    15.000
   37.233   -88.796    15.000
   30.583   -83.739    15.000
   30.583   -83.739    15.000
   30.583   -83.739    15.000
   30.583   -83.739    15.000
   30.583   -83.739    15.000
   26.694   -80.989    15.000
   26.694   -80.989    15.000
   26.694   -80.989    15.000
   26.694   -80.989    15.000
   26.694   -80.989    15.000
   33.429   -88.467    15.000
   33.429   -88.467    15.000
   33.429   -88.467    15.000
   33.429   -88.467    15.000
   33.429   -88.467    15.000
   31.568   -83.554    15.000
   31.568   -83.554    15.000
   31.568   -83.554    15.000
   31.568   -83.554    15.000
   31.568   -83.554    15.000
   36.355   -76.805    15.000
   36.355   -76.805    15.000
   36.355   -76.805    15.000
   36.355   -76.805    15.000
   36.355   -76.805    15.000
   26.943  -107.700    15.000
   26.943  -107.700    15.000
   26.943  -107.700    15.000
   26.943  -107.700    15.000
   26.943  -107.700    15.000
   41.159   -75.405    15.000
   41.159   -75.405    15.000
   41.159   -75.405    15.000
   41.159   -75.405    15.000
   41.159   -75.405    15.000
   64.017  -146.133    15.000
   64.017  -146.133    15.000
   64.017  -146.133    15.000
   64.017  -146.133    15.000
   64.017  -146.133    15.000
   40.607   -75.329    15.000
   40.607   -75.329    15.000
   40.607   -75.329    15.000
   40.607   -75.329    15.000
   40.607   -75.329    15.000
   58.310  -117.280    15.000
   58.310  -117.280    15.000
   58.310  -117.280    15.000
   58.310  -117.280    15.000
   58.310  -117.280    15.000
   58.350  -117.315    15.000
   58.350  -117.315    15.000
   58.350  -117.315    15.000
   58.350  -117.315    15.000
   58.350  -117.315    15.000
   58.410  -117.620    15.000
   58.410  -117.620    15.000
   58.410  -117.620    15.000
   58.410  -117.620    15.000
   58.410  -117.620    15.000
   58.440  -117.440    15.000
   58.440  -117.440    15.000
   58.440  -117.440    15.000
   58.440  -117.440    15.000
   58.440  -117.440    15.000
   58.443  -117.634    15.000
   58.443  -117.634    15.000
   58.443  -117.634    15.000
   58.443  -117.634    15.000
   58.443  -117.634    15.000
   58.460  -117.495    15.000
   58.460  -117.495    15.000
   58.460  -117.495    15.000
   58.460  -117.495    15.000
   58.460  -117.495    15.000
   58.420  -117.440    15.000
   58.420  -117.440    15.000
   58.420  -117.440    15.000
   58.420  -117.440    15.000
   58.420  -117.440    15.000
   58.350  -117.510    15.000
   58.350  -117.510    15.000
   58.350  -117.510    15.000
   58.350  -117.510    15.000
   58.350  -117.510    15.000
   58.390  -117.370    15.000
   58.390  -117.370    15.000
   58.390  -117.370    15.000
   58.390  -117.370    15.000
   58.390  -117.370    15.000
   58.400  -117.400    15.000
   58.400  -117.400    15.000
   58.400  -117.400    15.000
   58.400  -117.400    15.000
   58.400  -117.400    15.000
   58.430  -117.530    15.000
   58.430  -117.530    15.000
   58.430  -117.530    15.000
   58.430  -117.530    15.000
   58.430  -117.530    15.000
   58.305  -117.375    15.000
   58.305  -117.375    15.000
   58.305  -117.375    15.000
   58.305  -117.375    15.000
   58.305  -117.375    15.000
   57.090  -117.900    15.000
   57.090  -117.900    15.000
   57.090  -117.900    15.000
   57.090  -117.900    15.000
   57.090  -117.900    15.000
   55.000   -98.500    15.000
   55.000   -98.500    15.000
   55.000   -98.500    15.000
   55.000   -98.500    15.000
   55.000   -98.500    15.000
0024
0
  10000.0
1
./
ERA5-20190519-00-casestudy-31km.arl
1
PM25
0.001
    24.000
19 05 19 00 00
1
   55.000   -98.500
    0.100     0.100
   30.000    92.000
./
hysplit.con
1
10
19 05 19 00 00
19 05 20 00 00
0 1 0
1
1 1 1
0 0 0 0 0
0 8e-05 8e-05
0
0.0
