19 05 23 00
1045
   63.964  -146.177    15.000
   63.964  -146.177    15.000
   63.964  -146.177    15.000
   63.964  -146.177    15.000
   63.964  -146.177    15.000
   65.327  -154.592    15.000
   65.327  -154.592    15.000
   65.327  -154.592    15.000
   65.327  -154.592    15.000
   65.327  -154.592    15.000
   56.474  -128.257    15.000
   56.474  -128.257    15.000
   56.474  -128.257    15.000
   56.474  -128.257    15.000
   56.474  -128.257    15.000
   55.912  -120.382    15.000
   55.912  -120.382    15.000
   55.912  -120.382    15.000
   55.912  -120.382    15.000
   55.912  -120.382    15.000
   55.366  -121.034    15.000
   55.366  -121.034    15.000
   55.366  -121.034    15.000
   55.366  -121.034    15.000
   55.366  -121.034    15.000
   58.209  -120.450    15.000
   58.209  -120.450    15.000
   58.209  -120.450    15.000
   58.209  -120.450    15.000
   58.209  -120.450    15.000
   58.955  -127.359    15.000
   58.955  -127.359    15.000
   58.955  -127.359    15.000
   58.955  -127.359    15.000
   58.955  -127.359    15.000
   54.566  -125.677    15.000
   54.566  -125.677    15.000
   54.566  -125.677    15.000
   54.566  -125.677    15.000
   54.566  -125.677    15.000
   54.866  -123.027    15.000
   54.866  -123.027    15.000
   54.866  -123.027    15.000
   54.866  -123.027    15.000
   54.866  -123.027    15.000
   60.335  -131.288    15.000
   60.335  -131.288    15.000
   60.335  -131.288    15.000
   60.335  -131.288    15.000
   60.335  -131.288    15.000
   59.580  -128.696    15.000
   59.580  -128.696    15.000
   59.580  -128.696    15.000
   59.580  -128.696    15.000
   59.580  -128.696    15.000
   25.117  -107.545    15.000
   25.117  -107.545    15.000
   25.117  -107.545    15.000
   25.117  -107.545    15.000
   25.117  -107.545    15.000
   25.585  -107.430    15.000
   25.585  -107.430    15.000
   25.585  -107.430    15.000
   25.585  -107.430    15.000
   25.585  -107.430    15.000
   30.557  -101.105    15.000
   30.557  -101.105    15.000
   30.557  -101.105    15.000
   30.557  -101.105    15.000
   30.557  -101.105    15.000
   29.625  -108.377    15.000
   29.625  -108.377    15.000
   29.625  -108.377    15.000
   29.625  -108.377    15.000
   29.625  -108.377    15.000
   26.966  -107.682    15.000
   26.966  -107.682    15.000
   26.966  -107.682    15.000
   26.966  -107.682    15.000
   26.966  -107.682    15.000
   27.388  -108.279    15.000
   27.388  -108.279    15.000
   27.388  -108.279    15.000
   27.388  -108.279    15.000
   27.388  -108.279    15.000
   50.953  -103.470    15.000
   50.953  -103.470    15.000
   50.953  -103.470    15.000
   50.953  -103.470    15.000
   50.953  -103.470    15.000
   65.344  -154.601    15.000
   65.344  -154.601    15.000
   65.344  -154.601    15.000
   65.344  -154.601    15.000
   65.344  -154.601    15.000
   31.625   -83.909    15.000
   31.625   -83.909    15.000
   31.625   -83.909    15.000
   31.625   -83.909    15.000
   31.625   -83.909    15.000
   37.235   -82.042    15.000
   37.235   -82.042    15.000
   37.235   -82.042    15.000
   37.235   -82.042    15.000
   37.235   -82.042    15.000
   33.012   -79.884    15.000
   33.012   -79.884    15.000
   33.012   -79.884    15.000
   33.012   -79.884    15.000
   33.012   -79.884    15.000
   35.132   -79.221    15.000
   35.132   -79.221    15.000
   35.132   -79.221    15.000
   35.132   -79.221    15.000
   35.132   -79.221    15.000
   59.303  -112.194    15.000
   59.303  -112.194    15.000
   59.303  -112.194    15.000
   59.303  -112.194    15.000
   59.303  -112.194    15.000
   59.308  -112.144    15.000
   59.308  -112.144    15.000
   59.308  -112.144    15.000
   59.308  -112.144    15.000
   59.308  -112.144    15.000
   49.155   -89.626    15.000
   49.155   -89.626    15.000
   49.155   -89.626    15.000
   49.155   -89.626    15.000
   49.155   -89.626    15.000
   52.137  -100.198    15.000
   52.137  -100.198    15.000
   52.137  -100.198    15.000
   52.137  -100.198    15.000
   52.137  -100.198    15.000
   49.795  -103.395    15.000
   49.795  -103.395    15.000
   49.795  -103.395    15.000
   49.795  -103.395    15.000
   49.795  -103.395    15.000
   57.037  -117.893    15.000
   57.037  -117.893    15.000
   57.037  -117.893    15.000
   57.037  -117.893    15.000
   57.037  -117.893    15.000
   55.819  -114.652    15.000
   55.819  -114.652    15.000
   55.819  -114.652    15.000
   55.819  -114.652    15.000
   55.819  -114.652    15.000
   57.092  -118.060    15.000
   57.092  -118.060    15.000
   57.092  -118.060    15.000
   57.092  -118.060    15.000
   57.092  -118.060    15.000
   55.720  -114.445    15.000
   55.720  -114.445    15.000
   55.720  -114.445    15.000
   55.720  -114.445    15.000
   55.720  -114.445    15.000
   55.785  -114.585    15.000
   55.785  -114.585    15.000
   55.785  -114.585    15.000
   55.785  -114.585    15.000
   55.785  -114.585    15.000
   57.176  -117.913    15.000
   57.176  -117.913    15.000
   57.176  -117.913    15.000
   57.176  -117.913    15.000
   57.176  -117.913    15.000
   57.110  -118.085    15.000
   57.110  -118.085    15.000
   57.110  -118.085    15.000
   57.110  -118.085    15.000
   57.110  -118.085    15.000
   55.909  -114.664    15.000
   55.909  -114.664    15.000
   55.909  -114.664    15.000
   55.909  -114.664    15.000
   55.909  -114.664    15.000
   55.753  -114.529    15.000
   55.753  -114.529    15.000
   55.753  -114.529    15.000
   55.753  -114.529    15.000
   55.753  -114.529    15.000
   55.758  -114.372    15.000
   55.758  -114.372    15.000
   55.758  -114.372    15.000
   55.758  -114.372    15.000
   55.758  -114.372    15.000
   56.006  -114.682    15.000
   56.006  -114.682    15.000
   56.006  -114.682    15.000
   56.006  -114.682    15.000
   56.006  -114.682    15.000
   55.870  -114.464    15.000
   55.870  -114.464    15.000
   55.870  -114.464    15.000
   55.870  -114.464    15.000
   55.870  -114.464    15.000
   55.960  -114.558    15.000
   55.960  -114.558    15.000
   55.960  -114.558    15.000
   55.960  -114.558    15.000
   55.960  -114.558    15.000
   55.923  -114.533    15.000
   55.923  -114.533    15.000
   55.923  -114.533    15.000
   55.923  -114.533    15.000
   55.923  -114.533    15.000
   55.900  -114.490    15.000
   55.900  -114.490    15.000
   55.900  -114.490    15.000
   55.900  -114.490    15.000
   55.900  -114.490    15.000
   58.612  -117.827    15.000
   58.612  -117.827    15.000
   58.612  -117.827    15.000
   58.612  -117.827    15.000
   58.612  -117.827    15.000
   58.563  -117.874    15.000
   58.563  -117.874    15.000
   58.563  -117.874    15.000
   58.563  -117.874    15.000
   58.563  -117.874    15.000
   58.520  -117.420    15.000
   58.520  -117.420    15.000
   58.520  -117.420    15.000
   58.520  -117.420    15.000
   58.520  -117.420    15.000
   58.256  -117.416    15.000
   58.256  -117.416    15.000
   58.256  -117.416    15.000
   58.256  -117.416    15.000
   58.256  -117.416    15.000
   58.490  -117.770    15.000
   58.490  -117.770    15.000
   58.490  -117.770    15.000
   58.490  -117.770    15.000
   58.490  -117.770    15.000
   58.601  -117.705    15.000
   58.601  -117.705    15.000
   58.601  -117.705    15.000
   58.601  -117.705    15.000
   58.601  -117.705    15.000
   58.487  -117.284    15.000
   58.487  -117.284    15.000
   58.487  -117.284    15.000
   58.487  -117.284    15.000
   58.487  -117.284    15.000
   58.336  -117.205    15.000
   58.336  -117.205    15.000
   58.336  -117.205    15.000
   58.336  -117.205    15.000
   58.336  -117.205    15.000
   58.570  -117.527    15.000
   58.570  -117.527    15.000
   58.570  -117.527    15.000
   58.570  -117.527    15.000
   58.570  -117.527    15.000
   58.345  -117.570    15.000
   58.345  -117.570    15.000
   58.345  -117.570    15.000
   58.345  -117.570    15.000
   58.345  -117.570    15.000
   58.560  -117.900    15.000
   58.560  -117.900    15.000
   58.560  -117.900    15.000
   58.560  -117.900    15.000
   58.560  -117.900    15.000
   58.414  -117.666    15.000
   58.414  -117.666    15.000
   58.414  -117.666    15.000
   58.414  -117.666    15.000
   58.414  -117.666    15.000
   27.519  -108.685    15.000
   27.519  -108.685    15.000
   27.519  -108.685    15.000
   27.519  -108.685    15.000
   27.519  -108.685    15.000
   32.214  -101.940    15.000
   32.214  -101.940    15.000
   32.214  -101.940    15.000
   32.214  -101.940    15.000
   32.214  -101.940    15.000
   32.190  -102.008    15.000
   32.190  -102.008    15.000
   32.190  -102.008    15.000
   32.190  -102.008    15.000
   32.190  -102.008    15.000
   31.364  -101.784    15.000
   31.364  -101.784    15.000
   31.364  -101.784    15.000
   31.364  -101.784    15.000
   31.364  -101.784    15.000
   29.109  -106.556    15.000
   29.109  -106.556    15.000
   29.109  -106.556    15.000
   29.109  -106.556    15.000
   29.109  -106.556    15.000
   26.877  -101.412    15.000
   26.877  -101.412    15.000
   26.877  -101.412    15.000
   26.877  -101.412    15.000
   26.877  -101.412    15.000
   33.420  -110.870    15.000
   33.420  -110.870    15.000
   33.420  -110.870    15.000
   33.420  -110.870    15.000
   33.420  -110.870    15.000
   31.643  -101.768    15.000
   31.643  -101.768    15.000
   31.643  -101.768    15.000
   31.643  -101.768    15.000
   31.643  -101.768    15.000
   26.119  -102.732    15.000
   26.119  -102.732    15.000
   26.119  -102.732    15.000
   26.119  -102.732    15.000
   26.119  -102.732    15.000
   58.280  -117.240    15.000
   58.280  -117.240    15.000
   58.280  -117.240    15.000
   58.280  -117.240    15.000
   58.280  -117.240    15.000
   57.173  -118.071    15.000
   57.173  -118.071    15.000
   57.173  -118.071    15.000
   57.173  -118.071    15.000
   57.173  -118.071    15.000
   53.427  -103.583    15.000
   53.427  -103.583    15.000
   53.427  -103.583    15.000
   53.427  -103.583    15.000
   53.427  -103.583    15.000
   58.197  -120.505    15.000
   58.197  -120.505    15.000
   58.197  -120.505    15.000
   58.197  -120.505    15.000
   58.197  -120.505    15.000
   57.116  -117.858    15.000
   57.116  -117.858    15.000
   57.116  -117.858    15.000
   57.116  -117.858    15.000
   57.116  -117.858    15.000
   57.123  -118.165    15.000
   57.123  -118.165    15.000
   57.123  -118.165    15.000
   57.123  -118.165    15.000
   57.123  -118.165    15.000
   59.155  -113.971    15.000
   59.155  -113.971    15.000
   59.155  -113.971    15.000
   59.155  -113.971    15.000
   59.155  -113.971    15.000
   59.173  -113.917    15.000
   59.173  -113.917    15.000
   59.173  -113.917    15.000
   59.173  -113.917    15.000
   59.173  -113.917    15.000
   58.600  -117.640    15.000
   58.600  -117.640    15.000
   58.600  -117.640    15.000
   58.600  -117.640    15.000
   58.600  -117.640    15.000
   58.550  -117.770    15.000
   58.550  -117.770    15.000
   58.550  -117.770    15.000
   58.550  -117.770    15.000
   58.550  -117.770    15.000
   36.770   -82.410    15.000
   36.770   -82.410    15.000
   36.770   -82.410    15.000
   36.770   -82.410    15.000
   36.770   -82.410    15.000
   30.941   -88.015    15.000
   30.941   -88.015    15.000
   30.941   -88.015    15.000
   30.941   -88.015    15.000
   30.941   -88.015    15.000
   52.165  -100.206    15.000
   52.165  -100.206    15.000
   52.165  -100.206    15.000
   52.165  -100.206    15.000
   52.165  -100.206    15.000
   32.415  -101.638    15.000
   32.415  -101.638    15.000
   32.415  -101.638    15.000
   32.415  -101.638    15.000
   32.415  -101.638    15.000
   32.650  -115.339    15.000
   32.650  -115.339    15.000
   32.650  -115.339    15.000
   32.650  -115.339    15.000
   32.650  -115.339    15.000
   30.635   -84.095    15.000
   30.635   -84.095    15.000
   30.635   -84.095    15.000
   30.635   -84.095    15.000
   30.635   -84.095    15.000
   28.050   -81.409    15.000
   28.050   -81.409    15.000
   28.050   -81.409    15.000
   28.050   -81.409    15.000
   28.050   -81.409    15.000
   33.183   -80.425    15.000
   33.183   -80.425    15.000
   33.183   -80.425    15.000
   33.183   -80.425    15.000
   33.183   -80.425    15.000
   27.141   -81.368    15.000
   27.141   -81.368    15.000
   27.141   -81.368    15.000
   27.141   -81.368    15.000
   27.141   -81.368    15.000
   32.493   -81.179    15.000
   32.493   -81.179    15.000
   32.493   -81.179    15.000
   32.493   -81.179    15.000
   32.493   -81.179    15.000
   27.138   -81.329    15.000
   27.138   -81.329    15.000
   27.138   -81.329    15.000
   27.138   -81.329    15.000
   27.138   -81.329    15.000
   26.983   -80.143    15.000
   26.983   -80.143    15.000
   26.983   -80.143    15.000
   26.983   -80.143    15.000
   26.983   -80.143    15.000
   41.530   -75.480    15.000
   41.530   -75.480    15.000
   41.530   -75.480    15.000
   41.530   -75.480    15.000
   41.530   -75.480    15.000
   43.514   -88.795    15.000
   43.514   -88.795    15.000
   43.514   -88.795    15.000
   43.514   -88.795    15.000
   43.514   -88.795    15.000
   43.554   -88.937    15.000
   43.554   -88.937    15.000
   43.554   -88.937    15.000
   43.554   -88.937    15.000
   43.554   -88.937    15.000
   53.087   -99.820    15.000
   53.087   -99.820    15.000
   53.087   -99.820    15.000
   53.087   -99.820    15.000
   53.087   -99.820    15.000
   42.717   -73.855    15.000
   42.717   -73.855    15.000
   42.717   -73.855    15.000
   42.717   -73.855    15.000
   42.717   -73.855    15.000
   30.755   -86.827    15.000
   30.755   -86.827    15.000
   30.755   -86.827    15.000
   30.755   -86.827    15.000
   30.755   -86.827    15.000
   34.164   -99.937    15.000
   34.164   -99.937    15.000
   34.164   -99.937    15.000
   34.164   -99.937    15.000
   34.164   -99.937    15.000
   30.960   -98.611    15.000
   30.960   -98.611    15.000
   30.960   -98.611    15.000
   30.960   -98.611    15.000
   30.960   -98.611    15.000
   40.861   -90.972    15.000
   40.861   -90.972    15.000
   40.861   -90.972    15.000
   40.861   -90.972    15.000
   40.861   -90.972    15.000
   40.794   -89.626    15.000
   40.794   -89.626    15.000
   40.794   -89.626    15.000
   40.794   -89.626    15.000
   40.794   -89.626    15.000
   40.971   -88.543    15.000
   40.971   -88.543    15.000
   40.971   -88.543    15.000
   40.971   -88.543    15.000
   40.971   -88.543    15.000
   33.669   -89.623    15.000
   33.669   -89.623    15.000
   33.669   -89.623    15.000
   33.669   -89.623    15.000
   33.669   -89.623    15.000
   30.107   -90.891    15.000
   30.107   -90.891    15.000
   30.107   -90.891    15.000
   30.107   -90.891    15.000
   30.107   -90.891    15.000
   34.611   -84.901    15.000
   34.611   -84.901    15.000
   34.611   -84.901    15.000
   34.611   -84.901    15.000
   34.611   -84.901    15.000
   34.587   -88.212    15.000
   34.587   -88.212    15.000
   34.587   -88.212    15.000
   34.587   -88.212    15.000
   34.587   -88.212    15.000
   38.056   -91.398    15.000
   38.056   -91.398    15.000
   38.056   -91.398    15.000
   38.056   -91.398    15.000
   38.056   -91.398    15.000
   41.615   -90.601    15.000
   41.615   -90.601    15.000
   41.615   -90.601    15.000
   41.615   -90.601    15.000
   41.615   -90.601    15.000
   58.953  -127.381    15.000
   58.953  -127.381    15.000
   58.953  -127.381    15.000
   58.953  -127.381    15.000
   58.953  -127.381    15.000
   51.991  -102.117    15.000
   51.991  -102.117    15.000
   51.991  -102.117    15.000
   51.991  -102.117    15.000
   51.991  -102.117    15.000
   53.470  -103.494    15.000
   53.470  -103.494    15.000
   53.470  -103.494    15.000
   53.470  -103.494    15.000
   53.470  -103.494    15.000
   51.817  -105.626    15.000
   51.817  -105.626    15.000
   51.817  -105.626    15.000
   51.817  -105.626    15.000
   51.817  -105.626    15.000
   52.060  -102.452    15.000
   52.060  -102.452    15.000
   52.060  -102.452    15.000
   52.060  -102.452    15.000
   52.060  -102.452    15.000
   53.721  -101.285    15.000
   53.721  -101.285    15.000
   53.721  -101.285    15.000
   53.721  -101.285    15.000
   53.721  -101.285    15.000
   34.046   -80.801    15.000
   34.046   -80.801    15.000
   34.046   -80.801    15.000
   34.046   -80.801    15.000
   34.046   -80.801    15.000
   34.448   -82.688    15.000
   34.448   -82.688    15.000
   34.448   -82.688    15.000
   34.448   -82.688    15.000
   34.448   -82.688    15.000
   32.822   -85.204    15.000
   32.822   -85.204    15.000
   32.822   -85.204    15.000
   32.822   -85.204    15.000
   32.822   -85.204    15.000
   28.345   -81.711    15.000
   28.345   -81.711    15.000
   28.345   -81.711    15.000
   28.345   -81.711    15.000
   28.345   -81.711    15.000
   30.537   -86.299    15.000
   30.537   -86.299    15.000
   30.537   -86.299    15.000
   30.537   -86.299    15.000
   30.537   -86.299    15.000
   36.162   -83.398    15.000
   36.162   -83.398    15.000
   36.162   -83.398    15.000
   36.162   -83.398    15.000
   36.162   -83.398    15.000
   34.647   -77.231    15.000
   34.647   -77.231    15.000
   34.647   -77.231    15.000
   34.647   -77.231    15.000
   34.647   -77.231    15.000
   34.648   -84.998    15.000
   34.648   -84.998    15.000
   34.648   -84.998    15.000
   34.648   -84.998    15.000
   34.648   -84.998    15.000
   26.741   -81.531    15.000
   26.741   -81.531    15.000
   26.741   -81.531    15.000
   26.741   -81.531    15.000
   26.741   -81.531    15.000
   30.903   -84.789    15.000
   30.903   -84.789    15.000
   30.903   -84.789    15.000
   30.903   -84.789    15.000
   30.903   -84.789    15.000
   31.121   -84.311    15.000
   31.121   -84.311    15.000
   31.121   -84.311    15.000
   31.121   -84.311    15.000
   31.121   -84.311    15.000
   34.041   -82.820    15.000
   34.041   -82.820    15.000
   34.041   -82.820    15.000
   34.041   -82.820    15.000
   34.041   -82.820    15.000
   34.878   -85.498    15.000
   34.878   -85.498    15.000
   34.878   -85.498    15.000
   34.878   -85.498    15.000
   34.878   -85.498    15.000
   35.437   -86.027    15.000
   35.437   -86.027    15.000
   35.437   -86.027    15.000
   35.437   -86.027    15.000
   35.437   -86.027    15.000
   31.571   -82.113    15.000
   31.571   -82.113    15.000
   31.571   -82.113    15.000
   31.571   -82.113    15.000
   31.571   -82.113    15.000
   27.779   -82.205    15.000
   27.779   -82.205    15.000
   27.779   -82.205    15.000
   27.779   -82.205    15.000
   27.779   -82.205    15.000
   33.951   -86.258    15.000
   33.951   -86.258    15.000
   33.951   -86.258    15.000
   33.951   -86.258    15.000
   33.951   -86.258    15.000
   51.411   -99.169    15.000
   51.411   -99.169    15.000
   51.411   -99.169    15.000
   51.411   -99.169    15.000
   51.411   -99.169    15.000
   55.198  -111.066    15.000
   55.198  -111.066    15.000
   55.198  -111.066    15.000
   55.198  -111.066    15.000
   55.198  -111.066    15.000
   32.588   -85.205    15.000
   32.588   -85.205    15.000
   32.588   -85.205    15.000
   32.588   -85.205    15.000
   32.588   -85.205    15.000
   32.161   -81.194    15.000
   32.161   -81.194    15.000
   32.161   -81.194    15.000
   32.161   -81.194    15.000
   32.161   -81.194    15.000
   30.925   -84.541    15.000
   30.925   -84.541    15.000
   30.925   -84.541    15.000
   30.925   -84.541    15.000
   30.925   -84.541    15.000
   31.379   -84.224    15.000
   31.379   -84.224    15.000
   31.379   -84.224    15.000
   31.379   -84.224    15.000
   31.379   -84.224    15.000
   33.739   -84.951    15.000
   33.739   -84.951    15.000
   33.739   -84.951    15.000
   33.739   -84.951    15.000
   33.739   -84.951    15.000
   47.915  -117.906    15.000
   47.915  -117.906    15.000
   47.915  -117.906    15.000
   47.915  -117.906    15.000
   47.915  -117.906    15.000
   28.986   -82.242    15.000
   28.986   -82.242    15.000
   28.986   -82.242    15.000
   28.986   -82.242    15.000
   28.986   -82.242    15.000
   33.479   -87.267    15.000
   33.479   -87.267    15.000
   33.479   -87.267    15.000
   33.479   -87.267    15.000
   33.479   -87.267    15.000
   28.968   -82.307    15.000
   28.968   -82.307    15.000
   28.968   -82.307    15.000
   28.968   -82.307    15.000
   28.968   -82.307    15.000
   53.376  -106.218    15.000
   53.376  -106.218    15.000
   53.376  -106.218    15.000
   53.376  -106.218    15.000
   53.376  -106.218    15.000
   32.715   -81.113    15.000
   32.715   -81.113    15.000
   32.715   -81.113    15.000
   32.715   -81.113    15.000
   32.715   -81.113    15.000
   51.379  -104.029    15.000
   51.379  -104.029    15.000
   51.379  -104.029    15.000
   51.379  -104.029    15.000
   51.379  -104.029    15.000
   35.927   -86.540    15.000
   35.927   -86.540    15.000
   35.927   -86.540    15.000
   35.927   -86.540    15.000
   35.927   -86.540    15.000
   26.558   -99.034    15.000
   26.558   -99.034    15.000
   26.558   -99.034    15.000
   26.558   -99.034    15.000
   26.558   -99.034    15.000
   31.994  -100.271    15.000
   31.994  -100.271    15.000
   31.994  -100.271    15.000
   31.994  -100.271    15.000
   31.994  -100.271    15.000
   32.165  -100.152    15.000
   32.165  -100.152    15.000
   32.165  -100.152    15.000
   32.165  -100.152    15.000
   32.165  -100.152    15.000
   38.002   -91.632    15.000
   38.002   -91.632    15.000
   38.002   -91.632    15.000
   38.002   -91.632    15.000
   38.002   -91.632    15.000
   26.838   -82.214    15.000
   26.838   -82.214    15.000
   26.838   -82.214    15.000
   26.838   -82.214    15.000
   26.838   -82.214    15.000
   30.353   -82.399    15.000
   30.353   -82.399    15.000
   30.353   -82.399    15.000
   30.353   -82.399    15.000
   30.353   -82.399    15.000
   41.679   -85.696    15.000
   41.679   -85.696    15.000
   41.679   -85.696    15.000
   41.679   -85.696    15.000
   41.679   -85.696    15.000
   41.645   -85.712    15.000
   41.645   -85.712    15.000
   41.645   -85.712    15.000
   41.645   -85.712    15.000
   41.645   -85.712    15.000
   41.988   -84.987    15.000
   41.988   -84.987    15.000
   41.988   -84.987    15.000
   41.988   -84.987    15.000
   41.988   -84.987    15.000
   32.239   -85.822    15.000
   32.239   -85.822    15.000
   32.239   -85.822    15.000
   32.239   -85.822    15.000
   32.239   -85.822    15.000
   41.179   -87.857    15.000
   41.179   -87.857    15.000
   41.179   -87.857    15.000
   41.179   -87.857    15.000
   41.179   -87.857    15.000
   31.236   -84.347    15.000
   31.236   -84.347    15.000
   31.236   -84.347    15.000
   31.236   -84.347    15.000
   31.236   -84.347    15.000
   41.707   -85.823    15.000
   41.707   -85.823    15.000
   41.707   -85.823    15.000
   41.707   -85.823    15.000
   41.707   -85.823    15.000
   41.730   -85.792    15.000
   41.730   -85.792    15.000
   41.730   -85.792    15.000
   41.730   -85.792    15.000
   41.730   -85.792    15.000
   32.466  -109.920    15.000
   32.466  -109.920    15.000
   32.466  -109.920    15.000
   32.466  -109.920    15.000
   32.466  -109.920    15.000
   32.471  -109.977    15.000
   32.471  -109.977    15.000
   32.471  -109.977    15.000
   32.471  -109.977    15.000
   32.471  -109.977    15.000
   33.731  -116.987    15.000
   33.731  -116.987    15.000
   33.731  -116.987    15.000
   33.731  -116.987    15.000
   33.731  -116.987    15.000
   52.103  -100.217    15.000
   52.103  -100.217    15.000
   52.103  -100.217    15.000
   52.103  -100.217    15.000
   52.103  -100.217    15.000
   52.176  -103.102    15.000
   52.176  -103.102    15.000
   52.176  -103.102    15.000
   52.176  -103.102    15.000
   52.176  -103.102    15.000
   51.063   -99.080    15.000
   51.063   -99.080    15.000
   51.063   -99.080    15.000
   51.063   -99.080    15.000
   51.063   -99.080    15.000
   51.392   -99.208    15.000
   51.392   -99.208    15.000
   51.392   -99.208    15.000
   51.392   -99.208    15.000
   51.392   -99.208    15.000
   43.015   -85.745    15.000
   43.015   -85.745    15.000
   43.015   -85.745    15.000
   43.015   -85.745    15.000
   43.015   -85.745    15.000
   33.231   -87.509    15.000
   33.231   -87.509    15.000
   33.231   -87.509    15.000
   33.231   -87.509    15.000
   33.231   -87.509    15.000
   27.609   -82.057    15.000
   27.609   -82.057    15.000
   27.609   -82.057    15.000
   27.609   -82.057    15.000
   27.609   -82.057    15.000
   32.313   -90.133    15.000
   32.313   -90.133    15.000
   32.313   -90.133    15.000
   32.313   -90.133    15.000
   32.313   -90.133    15.000
   31.006   -84.603    15.000
   31.006   -84.603    15.000
   31.006   -84.603    15.000
   31.006   -84.603    15.000
   31.006   -84.603    15.000
   26.932   -80.256    15.000
   26.932   -80.256    15.000
   26.932   -80.256    15.000
   26.932   -80.256    15.000
   26.932   -80.256    15.000
   36.065   -86.438    15.000
   36.065   -86.438    15.000
   36.065   -86.438    15.000
   36.065   -86.438    15.000
   36.065   -86.438    15.000
   32.587   -80.959    15.000
   32.587   -80.959    15.000
   32.587   -80.959    15.000
   32.587   -80.959    15.000
   32.587   -80.959    15.000
   30.697   -85.267    15.000
   30.697   -85.267    15.000
   30.697   -85.267    15.000
   30.697   -85.267    15.000
   30.697   -85.267    15.000
   32.851   -91.761    15.000
   32.851   -91.761    15.000
   32.851   -91.761    15.000
   32.851   -91.761    15.000
   32.851   -91.761    15.000
   52.125  -106.121    15.000
   52.125  -106.121    15.000
   52.125  -106.121    15.000
   52.125  -106.121    15.000
   52.125  -106.121    15.000
   51.448  -103.482    15.000
   51.448  -103.482    15.000
   51.448  -103.482    15.000
   51.448  -103.482    15.000
   51.448  -103.482    15.000
   51.494  -103.018    15.000
   51.494  -103.018    15.000
   51.494  -103.018    15.000
   51.494  -103.018    15.000
   51.494  -103.018    15.000
   53.757  -101.273    15.000
   53.757  -101.273    15.000
   53.757  -101.273    15.000
   53.757  -101.273    15.000
   53.757  -101.273    15.000
   40.981   -91.524    15.000
   40.981   -91.524    15.000
   40.981   -91.524    15.000
   40.981   -91.524    15.000
   40.981   -91.524    15.000
   52.352  -106.371    15.000
   52.352  -106.371    15.000
   52.352  -106.371    15.000
   52.352  -106.371    15.000
   52.352  -106.371    15.000
   34.988   -79.483    15.000
   34.988   -79.483    15.000
   34.988   -79.483    15.000
   34.988   -79.483    15.000
   34.988   -79.483    15.000
   60.026  -134.520    15.000
   60.026  -134.520    15.000
   60.026  -134.520    15.000
   60.026  -134.520    15.000
   60.026  -134.520    15.000
   26.405  -106.676    15.000
   26.405  -106.676    15.000
   26.405  -106.676    15.000
   26.405  -106.676    15.000
   26.405  -106.676    15.000
   26.757  -108.501    15.000
   26.757  -108.501    15.000
   26.757  -108.501    15.000
   26.757  -108.501    15.000
   26.757  -108.501    15.000
   26.766  -107.541    15.000
   26.766  -107.541    15.000
   26.766  -107.541    15.000
   26.766  -107.541    15.000
   26.766  -107.541    15.000
   28.250  -108.135    15.000
   28.250  -108.135    15.000
   28.250  -108.135    15.000
   28.250  -108.135    15.000
   28.250  -108.135    15.000
   25.633  -107.580    15.000
   25.633  -107.580    15.000
   25.633  -107.580    15.000
   25.633  -107.580    15.000
   25.633  -107.580    15.000
   30.495  -106.368    15.000
   30.495  -106.368    15.000
   30.495  -106.368    15.000
   30.495  -106.368    15.000
   30.495  -106.368    15.000
   26.789  -108.422    15.000
   26.789  -108.422    15.000
   26.789  -108.422    15.000
   26.789  -108.422    15.000
   26.789  -108.422    15.000
   28.544  -105.543    15.000
   28.544  -105.543    15.000
   28.544  -105.543    15.000
   28.544  -105.543    15.000
   28.544  -105.543    15.000
   26.698  -107.748    15.000
   26.698  -107.748    15.000
   26.698  -107.748    15.000
   26.698  -107.748    15.000
   26.698  -107.748    15.000
   25.384  -107.247    15.000
   25.384  -107.247    15.000
   25.384  -107.247    15.000
   25.384  -107.247    15.000
   25.384  -107.247    15.000
   25.351  -107.773    15.000
   25.351  -107.773    15.000
   25.351  -107.773    15.000
   25.351  -107.773    15.000
   25.351  -107.773    15.000
   25.463  -107.414    15.000
   25.463  -107.414    15.000
   25.463  -107.414    15.000
   25.463  -107.414    15.000
   25.463  -107.414    15.000
   26.206  -108.508    15.000
   26.206  -108.508    15.000
   26.206  -108.508    15.000
   26.206  -108.508    15.000
   26.206  -108.508    15.000
   25.930  -108.877    15.000
   25.930  -108.877    15.000
   25.930  -108.877    15.000
   25.930  -108.877    15.000
   25.930  -108.877    15.000
   53.719  -101.407    15.000
   53.719  -101.407    15.000
   53.719  -101.407    15.000
   53.719  -101.407    15.000
   53.719  -101.407    15.000
   51.832  -102.946    15.000
   51.832  -102.946    15.000
   51.832  -102.946    15.000
   51.832  -102.946    15.000
   51.832  -102.946    15.000
   25.279  -106.887    15.000
   25.279  -106.887    15.000
   25.279  -106.887    15.000
   25.279  -106.887    15.000
   25.279  -106.887    15.000
   26.901  -107.677    15.000
   26.901  -107.677    15.000
   26.901  -107.677    15.000
   26.901  -107.677    15.000
   26.901  -107.677    15.000
   27.589  -107.965    15.000
   27.589  -107.965    15.000
   27.589  -107.965    15.000
   27.589  -107.965    15.000
   27.589  -107.965    15.000
   27.671  -108.263    15.000
   27.671  -108.263    15.000
   27.671  -108.263    15.000
   27.671  -108.263    15.000
   27.671  -108.263    15.000
   26.685  -108.444    15.000
   26.685  -108.444    15.000
   26.685  -108.444    15.000
   26.685  -108.444    15.000
   26.685  -108.444    15.000
   33.004  -110.771    15.000
   33.004  -110.771    15.000
   33.004  -110.771    15.000
   33.004  -110.771    15.000
   33.004  -110.771    15.000
   37.520  -103.183    15.000
   37.520  -103.183    15.000
   37.520  -103.183    15.000
   37.520  -103.183    15.000
   37.520  -103.183    15.000
   51.479  -104.269    15.000
   51.479  -104.269    15.000
   51.479  -104.269    15.000
   51.479  -104.269    15.000
   51.479  -104.269    15.000
   58.491  -117.619    15.000
   58.491  -117.619    15.000
   58.491  -117.619    15.000
   58.491  -117.619    15.000
   58.491  -117.619    15.000
   58.565  -117.510    15.000
   58.565  -117.510    15.000
   58.565  -117.510    15.000
   58.565  -117.510    15.000
   58.565  -117.510    15.000
   58.615  -117.680    15.000
   58.615  -117.680    15.000
   58.615  -117.680    15.000
   58.615  -117.680    15.000
   58.615  -117.680    15.000
   58.240  -117.335    15.000
   58.240  -117.335    15.000
   58.240  -117.335    15.000
   58.240  -117.335    15.000
   58.240  -117.335    15.000
   55.000   -98.500    15.000
   55.000   -98.500    15.000
   55.000   -98.500    15.000
   55.000   -98.500    15.000
   55.000   -98.500    15.000
0024
0
  10000.0
1
./
ERA5-20190523-00-casestudy-31km.arl
1
PM25
0.001
    24.000
19 05 23 00 00
1
   55.000   -98.500
    0.100     0.100
   30.000    92.000
./
hysplit.con
1
10
19 05 23 00 00
19 05 24 00 00
0 1 0
1
1 1 1
0 0 0 0 0
0 0 0
0
0.0
