19 05 25 00
1250
   62.984  -141.080    15.000
   62.984  -141.080    15.000
   62.984  -141.080    15.000
   62.984  -141.080    15.000
   62.984  -141.080    15.000
   63.634  -137.901    15.000
   63.634  -137.901    15.000
   63.634  -137.901    15.000
   63.634  -137.901    15.000
   63.634  -137.901    15.000
   63.055  -139.203    15.000
   63.055  -139.203    15.000
   63.055  -139.203    15.000
   63.055  -139.203    15.000
   63.055  -139.203    15.000
   65.354  -154.622    15.000
   65.354  -154.622    15.000
   65.354  -154.622    15.000
   65.354  -154.622    15.000
   65.354  -154.622    15.000
   63.602  -141.637    15.000
   63.602  -141.637    15.000
   63.602  -141.637    15.000
   63.602  -141.637    15.000
   63.602  -141.637    15.000
   63.367  -141.546    15.000
   63.367  -141.546    15.000
   63.367  -141.546    15.000
   63.367  -141.546    15.000
   63.367  -141.546    15.000
   63.674  -135.433    15.000
   63.674  -135.433    15.000
   63.674  -135.433    15.000
   63.674  -135.433    15.000
   63.674  -135.433    15.000
   66.065  -134.754    15.000
   66.065  -134.754    15.000
   66.065  -134.754    15.000
   66.065  -134.754    15.000
   66.065  -134.754    15.000
   58.207  -120.493    15.000
   58.207  -120.493    15.000
   58.207  -120.493    15.000
   58.207  -120.493    15.000
   58.207  -120.493    15.000
   64.231  -134.736    15.000
   64.231  -134.736    15.000
   64.231  -134.736    15.000
   64.231  -134.736    15.000
   64.231  -134.736    15.000
   49.068  -122.574    15.000
   49.068  -122.574    15.000
   49.068  -122.574    15.000
   49.068  -122.574    15.000
   49.068  -122.574    15.000
   26.770  -107.540    15.000
   26.770  -107.540    15.000
   26.770  -107.540    15.000
   26.770  -107.540    15.000
   26.770  -107.540    15.000
   35.620  -119.650    15.000
   35.620  -119.650    15.000
   35.620  -119.650    15.000
   35.620  -119.650    15.000
   35.620  -119.650    15.000
   27.495  -107.400    15.000
   27.495  -107.400    15.000
   27.495  -107.400    15.000
   27.495  -107.400    15.000
   27.495  -107.400    15.000
   26.618  -107.953    15.000
   26.618  -107.953    15.000
   26.618  -107.953    15.000
   26.618  -107.953    15.000
   26.618  -107.953    15.000
   58.216  -117.412    15.000
   58.216  -117.412    15.000
   58.216  -117.412    15.000
   58.216  -117.412    15.000
   58.216  -117.412    15.000
   58.620  -117.910    15.000
   58.620  -117.910    15.000
   58.620  -117.910    15.000
   58.620  -117.910    15.000
   58.620  -117.910    15.000
   59.300  -112.187    15.000
   59.300  -112.187    15.000
   59.300  -112.187    15.000
   59.300  -112.187    15.000
   59.300  -112.187    15.000
   57.058  -118.061    15.000
   57.058  -118.061    15.000
   57.058  -118.061    15.000
   57.058  -118.061    15.000
   57.058  -118.061    15.000
   57.129  -117.997    15.000
   57.129  -117.997    15.000
   57.129  -117.997    15.000
   57.129  -117.997    15.000
   57.129  -117.997    15.000
   58.611  -117.758    15.000
   58.611  -117.758    15.000
   58.611  -117.758    15.000
   58.611  -117.758    15.000
   58.611  -117.758    15.000
   58.620  -117.690    15.000
   58.620  -117.690    15.000
   58.620  -117.690    15.000
   58.620  -117.690    15.000
   58.620  -117.690    15.000
   57.130  -117.868    15.000
   57.130  -117.868    15.000
   57.130  -117.868    15.000
   57.130  -117.868    15.000
   57.130  -117.868    15.000
   58.557  -117.518    15.000
   58.557  -117.518    15.000
   58.557  -117.518    15.000
   58.557  -117.518    15.000
   58.557  -117.518    15.000
   58.396  -117.667    15.000
   58.396  -117.667    15.000
   58.396  -117.667    15.000
   58.396  -117.667    15.000
   58.396  -117.667    15.000
   57.130  -118.110    15.000
   57.130  -118.110    15.000
   57.130  -118.110    15.000
   57.130  -118.110    15.000
   57.130  -118.110    15.000
   58.390  -117.620    15.000
   58.390  -117.620    15.000
   58.390  -117.620    15.000
   58.390  -117.620    15.000
   58.390  -117.620    15.000
   58.634  -117.875    15.000
   58.634  -117.875    15.000
   58.634  -117.875    15.000
   58.634  -117.875    15.000
   58.634  -117.875    15.000
   50.555  -102.500    15.000
   50.555  -102.500    15.000
   50.555  -102.500    15.000
   50.555  -102.500    15.000
   50.555  -102.500    15.000
   50.810  -102.920    15.000
   50.810  -102.920    15.000
   50.810  -102.920    15.000
   50.810  -102.920    15.000
   50.810  -102.920    15.000
   36.357   -76.811    15.000
   36.357   -76.811    15.000
   36.357   -76.811    15.000
   36.357   -76.811    15.000
   36.357   -76.811    15.000
   35.201   -79.347    15.000
   35.201   -79.347    15.000
   35.201   -79.347    15.000
   35.201   -79.347    15.000
   35.201   -79.347    15.000
   32.335   -82.488    15.000
   32.335   -82.488    15.000
   32.335   -82.488    15.000
   32.335   -82.488    15.000
   32.335   -82.488    15.000
   41.134   -80.687    15.000
   41.134   -80.687    15.000
   41.134   -80.687    15.000
   41.134   -80.687    15.000
   41.134   -80.687    15.000
   55.986  -114.580    15.000
   55.986  -114.580    15.000
   55.986  -114.580    15.000
   55.986  -114.580    15.000
   55.986  -114.580    15.000
   57.010  -117.871    15.000
   57.010  -117.871    15.000
   57.010  -117.871    15.000
   57.010  -117.871    15.000
   57.010  -117.871    15.000
   58.235  -117.494    15.000
   58.235  -117.494    15.000
   58.235  -117.494    15.000
   58.235  -117.494    15.000
   58.235  -117.494    15.000
   58.282  -117.525    15.000
   58.282  -117.525    15.000
   58.282  -117.525    15.000
   58.282  -117.525    15.000
   58.282  -117.525    15.000
   58.493  -117.223    15.000
   58.493  -117.223    15.000
   58.493  -117.223    15.000
   58.493  -117.223    15.000
   58.493  -117.223    15.000
   58.524  -117.288    15.000
   58.524  -117.288    15.000
   58.524  -117.288    15.000
   58.524  -117.288    15.000
   58.524  -117.288    15.000
   58.326  -117.587    15.000
   58.326  -117.587    15.000
   58.326  -117.587    15.000
   58.326  -117.587    15.000
   58.326  -117.587    15.000
   58.567  -117.905    15.000
   58.567  -117.905    15.000
   58.567  -117.905    15.000
   58.567  -117.905    15.000
   58.567  -117.905    15.000
   31.365  -101.774    15.000
   31.365  -101.774    15.000
   31.365  -101.774    15.000
   31.365  -101.774    15.000
   31.365  -101.774    15.000
   32.177  -102.267    15.000
   32.177  -102.267    15.000
   32.177  -102.267    15.000
   32.177  -102.267    15.000
   32.177  -102.267    15.000
   29.120  -103.522    15.000
   29.120  -103.522    15.000
   29.120  -103.522    15.000
   29.120  -103.522    15.000
   29.120  -103.522    15.000
   27.519  -108.692    15.000
   27.519  -108.692    15.000
   27.519  -108.692    15.000
   27.519  -108.692    15.000
   27.519  -108.692    15.000
   32.211  -101.934    15.000
   32.211  -101.934    15.000
   32.211  -101.934    15.000
   32.211  -101.934    15.000
   32.211  -101.934    15.000
   63.632  -138.001    15.000
   63.632  -138.001    15.000
   63.632  -138.001    15.000
   63.632  -138.001    15.000
   63.632  -138.001    15.000
   63.060  -139.205    15.000
   63.060  -139.205    15.000
   63.060  -139.205    15.000
   63.060  -139.205    15.000
   63.060  -139.205    15.000
   31.211   -85.865    15.000
   31.211   -85.865    15.000
   31.211   -85.865    15.000
   31.211   -85.865    15.000
   31.211   -85.865    15.000
   29.990   -90.459    15.000
   29.990   -90.459    15.000
   29.990   -90.459    15.000
   29.990   -90.459    15.000
   29.990   -90.459    15.000
   34.639   -87.081    15.000
   34.639   -87.081    15.000
   34.639   -87.081    15.000
   34.639   -87.081    15.000
   34.639   -87.081    15.000
   37.233   -82.036    15.000
   37.233   -82.036    15.000
   37.233   -82.036    15.000
   37.233   -82.036    15.000
   37.233   -82.036    15.000
   31.860  -101.796    15.000
   31.860  -101.796    15.000
   31.860  -101.796    15.000
   31.860  -101.796    15.000
   31.860  -101.796    15.000
   33.004  -110.769    15.000
   33.004  -110.769    15.000
   33.004  -110.769    15.000
   33.004  -110.769    15.000
   33.004  -110.769    15.000
   33.418  -110.862    15.000
   33.418  -110.862    15.000
   33.418  -110.862    15.000
   33.418  -110.862    15.000
   33.418  -110.862    15.000
   25.497  -107.068    15.000
   25.497  -107.068    15.000
   25.497  -107.068    15.000
   25.497  -107.068    15.000
   25.497  -107.068    15.000
   25.259  -106.609    15.000
   25.259  -106.609    15.000
   25.259  -106.609    15.000
   25.259  -106.609    15.000
   25.259  -106.609    15.000
   26.888  -101.453    15.000
   26.888  -101.453    15.000
   26.888  -101.453    15.000
   26.888  -101.453    15.000
   26.888  -101.453    15.000
   25.594  -107.426    15.000
   25.594  -107.426    15.000
   25.594  -107.426    15.000
   25.594  -107.426    15.000
   25.594  -107.426    15.000
   31.240   -85.134    15.000
   31.240   -85.134    15.000
   31.240   -85.134    15.000
   31.240   -85.134    15.000
   31.240   -85.134    15.000
   34.415   -82.427    15.000
   34.415   -82.427    15.000
   34.415   -82.427    15.000
   34.415   -82.427    15.000
   34.415   -82.427    15.000
   30.978   -85.473    15.000
   30.978   -85.473    15.000
   30.978   -85.473    15.000
   30.978   -85.473    15.000
   30.978   -85.473    15.000
   27.190   -81.109    15.000
   27.190   -81.109    15.000
   27.190   -81.109    15.000
   27.190   -81.109    15.000
   27.190   -81.109    15.000
   48.201   -67.723    15.000
   48.201   -67.723    15.000
   48.201   -67.723    15.000
   48.201   -67.723    15.000
   48.201   -67.723    15.000
   32.410   -88.618    15.000
   32.410   -88.618    15.000
   32.410   -88.618    15.000
   32.410   -88.618    15.000
   32.410   -88.618    15.000
   32.355   -84.963    15.000
   32.355   -84.963    15.000
   32.355   -84.963    15.000
   32.355   -84.963    15.000
   32.355   -84.963    15.000
   28.919   -82.248    15.000
   28.919   -82.248    15.000
   28.919   -82.248    15.000
   28.919   -82.248    15.000
   28.919   -82.248    15.000
   30.201   -83.315    15.000
   30.201   -83.315    15.000
   30.201   -83.315    15.000
   30.201   -83.315    15.000
   30.201   -83.315    15.000
   30.805   -84.886    15.000
   30.805   -84.886    15.000
   30.805   -84.886    15.000
   30.805   -84.886    15.000
   30.805   -84.886    15.000
   31.423   -84.114    15.000
   31.423   -84.114    15.000
   31.423   -84.114    15.000
   31.423   -84.114    15.000
   31.423   -84.114    15.000
   36.228   -84.840    15.000
   36.228   -84.840    15.000
   36.228   -84.840    15.000
   36.228   -84.840    15.000
   36.228   -84.840    15.000
   35.264   -87.326    15.000
   35.264   -87.326    15.000
   35.264   -87.326    15.000
   35.264   -87.326    15.000
   35.264   -87.326    15.000
   34.924   -90.008    15.000
   34.924   -90.008    15.000
   34.924   -90.008    15.000
   34.924   -90.008    15.000
   34.924   -90.008    15.000
   32.585   -90.058    15.000
   32.585   -90.058    15.000
   32.585   -90.058    15.000
   32.585   -90.058    15.000
   32.585   -90.058    15.000
   31.733   -82.481    15.000
   31.733   -82.481    15.000
   31.733   -82.481    15.000
   31.733   -82.481    15.000
   31.733   -82.481    15.000
   34.708   -92.188    15.000
   34.708   -92.188    15.000
   34.708   -92.188    15.000
   34.708   -92.188    15.000
   34.708   -92.188    15.000
   33.360   -90.475    15.000
   33.360   -90.475    15.000
   33.360   -90.475    15.000
   33.360   -90.475    15.000
   33.360   -90.475    15.000
   33.266   -90.403    15.000
   33.266   -90.403    15.000
   33.266   -90.403    15.000
   33.266   -90.403    15.000
   33.266   -90.403    15.000
   33.252   -86.409    15.000
   33.252   -86.409    15.000
   33.252   -86.409    15.000
   33.252   -86.409    15.000
   33.252   -86.409    15.000
   32.247   -89.386    15.000
   32.247   -89.386    15.000
   32.247   -89.386    15.000
   32.247   -89.386    15.000
   32.247   -89.386    15.000
   32.444   -88.555    15.000
   32.444   -88.555    15.000
   32.444   -88.555    15.000
   32.444   -88.555    15.000
   32.444   -88.555    15.000
   35.006   -87.678    15.000
   35.006   -87.678    15.000
   35.006   -87.678    15.000
   35.006   -87.678    15.000
   35.006   -87.678    15.000
   33.299   -87.243    15.000
   33.299   -87.243    15.000
   33.299   -87.243    15.000
   33.299   -87.243    15.000
   33.299   -87.243    15.000
   35.999   -86.494    15.000
   35.999   -86.494    15.000
   35.999   -86.494    15.000
   35.999   -86.494    15.000
   35.999   -86.494    15.000
   36.156   -89.049    15.000
   36.156   -89.049    15.000
   36.156   -89.049    15.000
   36.156   -89.049    15.000
   36.156   -89.049    15.000
   30.803   -88.067    15.000
   30.803   -88.067    15.000
   30.803   -88.067    15.000
   30.803   -88.067    15.000
   30.803   -88.067    15.000
   33.114   -89.539    15.000
   33.114   -89.539    15.000
   33.114   -89.539    15.000
   33.114   -89.539    15.000
   33.114   -89.539    15.000
   37.483   -89.506    15.000
   37.483   -89.506    15.000
   37.483   -89.506    15.000
   37.483   -89.506    15.000
   37.483   -89.506    15.000
   36.665   -92.482    15.000
   36.665   -92.482    15.000
   36.665   -92.482    15.000
   36.665   -92.482    15.000
   36.665   -92.482    15.000
   32.542   -85.262    15.000
   32.542   -85.262    15.000
   32.542   -85.262    15.000
   32.542   -85.262    15.000
   32.542   -85.262    15.000
   38.110   -87.479    15.000
   38.110   -87.479    15.000
   38.110   -87.479    15.000
   38.110   -87.479    15.000
   38.110   -87.479    15.000
   36.468   -77.525    15.000
   36.468   -77.525    15.000
   36.468   -77.525    15.000
   36.468   -77.525    15.000
   36.468   -77.525    15.000
   38.113   -87.552    15.000
   38.113   -87.552    15.000
   38.113   -87.552    15.000
   38.113   -87.552    15.000
   38.113   -87.552    15.000
   36.866   -77.717    15.000
   36.866   -77.717    15.000
   36.866   -77.717    15.000
   36.866   -77.717    15.000
   36.866   -77.717    15.000
   36.875   -77.753    15.000
   36.875   -77.753    15.000
   36.875   -77.753    15.000
   36.875   -77.753    15.000
   36.875   -77.753    15.000
   38.298   -87.554    15.000
   38.298   -87.554    15.000
   38.298   -87.554    15.000
   38.298   -87.554    15.000
   38.298   -87.554    15.000
   27.229   -82.206    15.000
   27.229   -82.206    15.000
   27.229   -82.206    15.000
   27.229   -82.206    15.000
   27.229   -82.206    15.000
   31.032   -91.687    15.000
   31.032   -91.687    15.000
   31.032   -91.687    15.000
   31.032   -91.687    15.000
   31.032   -91.687    15.000
   29.593   -91.033    15.000
   29.593   -91.033    15.000
   29.593   -91.033    15.000
   29.593   -91.033    15.000
   29.593   -91.033    15.000
   31.450   -90.611    15.000
   31.450   -90.611    15.000
   31.450   -90.611    15.000
   31.450   -90.611    15.000
   31.450   -90.611    15.000
   27.240   -82.239    15.000
   27.240   -82.239    15.000
   27.240   -82.239    15.000
   27.240   -82.239    15.000
   27.240   -82.239    15.000
   58.510  -117.030    15.000
   58.510  -117.030    15.000
   58.510  -117.030    15.000
   58.510  -117.030    15.000
   58.510  -117.030    15.000
   34.440   -81.898    15.000
   34.440   -81.898    15.000
   34.440   -81.898    15.000
   34.440   -81.898    15.000
   34.440   -81.898    15.000
   32.391   -81.835    15.000
   32.391   -81.835    15.000
   32.391   -81.835    15.000
   32.391   -81.835    15.000
   32.391   -81.835    15.000
   32.155   -82.126    15.000
   32.155   -82.126    15.000
   32.155   -82.126    15.000
   32.155   -82.126    15.000
   32.155   -82.126    15.000
   31.211   -82.729    15.000
   31.211   -82.729    15.000
   31.211   -82.729    15.000
   31.211   -82.729    15.000
   31.211   -82.729    15.000
   33.504   -85.642    15.000
   33.504   -85.642    15.000
   33.504   -85.642    15.000
   33.504   -85.642    15.000
   33.504   -85.642    15.000
   35.966   -80.467    15.000
   35.966   -80.467    15.000
   35.966   -80.467    15.000
   35.966   -80.467    15.000
   35.966   -80.467    15.000
   33.003   -82.268    15.000
   33.003   -82.268    15.000
   33.003   -82.268    15.000
   33.003   -82.268    15.000
   33.003   -82.268    15.000
   30.808   -84.358    15.000
   30.808   -84.358    15.000
   30.808   -84.358    15.000
   30.808   -84.358    15.000
   30.808   -84.358    15.000
   34.918   -77.954    15.000
   34.918   -77.954    15.000
   34.918   -77.954    15.000
   34.918   -77.954    15.000
   34.918   -77.954    15.000
   40.304   -79.868    15.000
   40.304   -79.868    15.000
   40.304   -79.868    15.000
   40.304   -79.868    15.000
   40.304   -79.868    15.000
   36.040   -80.319    15.000
   36.040   -80.319    15.000
   36.040   -80.319    15.000
   36.040   -80.319    15.000
   36.040   -80.319    15.000
   33.218   -82.916    15.000
   33.218   -82.916    15.000
   33.218   -82.916    15.000
   33.218   -82.916    15.000
   33.218   -82.916    15.000
   30.971   -83.145    15.000
   30.971   -83.145    15.000
   30.971   -83.145    15.000
   30.971   -83.145    15.000
   30.971   -83.145    15.000
   35.167   -78.050    15.000
   35.167   -78.050    15.000
   35.167   -78.050    15.000
   35.167   -78.050    15.000
   35.167   -78.050    15.000
   33.170   -80.435    15.000
   33.170   -80.435    15.000
   33.170   -80.435    15.000
   33.170   -80.435    15.000
   33.170   -80.435    15.000
   30.335   -83.210    15.000
   30.335   -83.210    15.000
   30.335   -83.210    15.000
   30.335   -83.210    15.000
   30.335   -83.210    15.000
   34.097   -77.976    15.000
   34.097   -77.976    15.000
   34.097   -77.976    15.000
   34.097   -77.976    15.000
   34.097   -77.976    15.000
   34.453   -82.690    15.000
   34.453   -82.690    15.000
   34.453   -82.690    15.000
   34.453   -82.690    15.000
   34.453   -82.690    15.000
   30.348   -82.407    15.000
   30.348   -82.407    15.000
   30.348   -82.407    15.000
   30.348   -82.407    15.000
   30.348   -82.407    15.000
   27.899   -82.144    15.000
   27.899   -82.144    15.000
   27.899   -82.144    15.000
   27.899   -82.144    15.000
   27.899   -82.144    15.000
   29.598   -83.067    15.000
   29.598   -83.067    15.000
   29.598   -83.067    15.000
   29.598   -83.067    15.000
   29.598   -83.067    15.000
   38.598   -82.825    15.000
   38.598   -82.825    15.000
   38.598   -82.825    15.000
   38.598   -82.825    15.000
   38.598   -82.825    15.000
   35.828   -80.841    15.000
   35.828   -80.841    15.000
   35.828   -80.841    15.000
   35.828   -80.841    15.000
   35.828   -80.841    15.000
   55.905  -114.724    15.000
   55.905  -114.724    15.000
   55.905  -114.724    15.000
   55.905  -114.724    15.000
   55.905  -114.724    15.000
   55.994  -114.611    15.000
   55.994  -114.611    15.000
   55.994  -114.611    15.000
   55.994  -114.611    15.000
   55.994  -114.611    15.000
   55.909  -114.493    15.000
   55.909  -114.493    15.000
   55.909  -114.493    15.000
   55.909  -114.493    15.000
   55.909  -114.493    15.000
   55.871  -114.452    15.000
   55.871  -114.452    15.000
   55.871  -114.452    15.000
   55.871  -114.452    15.000
   55.871  -114.452    15.000
   27.049   -81.513    15.000
   27.049   -81.513    15.000
   27.049   -81.513    15.000
   27.049   -81.513    15.000
   27.049   -81.513    15.000
   51.925  -106.003    15.000
   51.925  -106.003    15.000
   51.925  -106.003    15.000
   51.925  -106.003    15.000
   51.925  -106.003    15.000
   49.864  -106.378    15.000
   49.864  -106.378    15.000
   49.864  -106.378    15.000
   49.864  -106.378    15.000
   49.864  -106.378    15.000
   58.571  -108.890    15.000
   58.571  -108.890    15.000
   58.571  -108.890    15.000
   58.571  -108.890    15.000
   58.571  -108.890    15.000
   34.439   -77.697    15.000
   34.439   -77.697    15.000
   34.439   -77.697    15.000
   34.439   -77.697    15.000
   34.439   -77.697    15.000
   27.188   -80.449    15.000
   27.188   -80.449    15.000
   27.188   -80.449    15.000
   27.188   -80.449    15.000
   27.188   -80.449    15.000
   27.017   -81.575    15.000
   27.017   -81.575    15.000
   27.017   -81.575    15.000
   27.017   -81.575    15.000
   27.017   -81.575    15.000
   34.218   -85.422    15.000
   34.218   -85.422    15.000
   34.218   -85.422    15.000
   34.218   -85.422    15.000
   34.218   -85.422    15.000
   39.105   -82.995    15.000
   39.105   -82.995    15.000
   39.105   -82.995    15.000
   39.105   -82.995    15.000
   39.105   -82.995    15.000
   30.742   -84.671    15.000
   30.742   -84.671    15.000
   30.742   -84.671    15.000
   30.742   -84.671    15.000
   30.742   -84.671    15.000
   32.320   -81.884    15.000
   32.320   -81.884    15.000
   32.320   -81.884    15.000
   32.320   -81.884    15.000
   32.320   -81.884    15.000
   33.002   -79.888    15.000
   33.002   -79.888    15.000
   33.002   -79.888    15.000
   33.002   -79.888    15.000
   33.002   -79.888    15.000
   40.376   -82.229    15.000
   40.376   -82.229    15.000
   40.376   -82.229    15.000
   40.376   -82.229    15.000
   40.376   -82.229    15.000
   39.724  -122.284    15.000
   39.724  -122.284    15.000
   39.724  -122.284    15.000
   39.724  -122.284    15.000
   39.724  -122.284    15.000
   35.771  -120.721    15.000
   35.771  -120.721    15.000
   35.771  -120.721    15.000
   35.771  -120.721    15.000
   35.771  -120.721    15.000
   34.582  -112.295    15.000
   34.582  -112.295    15.000
   34.582  -112.295    15.000
   34.582  -112.295    15.000
   34.582  -112.295    15.000
   32.765  -114.497    15.000
   32.765  -114.497    15.000
   32.765  -114.497    15.000
   32.765  -114.497    15.000
   32.765  -114.497    15.000
   34.986  -108.118    15.000
   34.986  -108.118    15.000
   34.986  -108.118    15.000
   34.986  -108.118    15.000
   34.986  -108.118    15.000
   33.608   -86.140    15.000
   33.608   -86.140    15.000
   33.608   -86.140    15.000
   33.608   -86.140    15.000
   33.608   -86.140    15.000
   36.239   -83.211    15.000
   36.239   -83.211    15.000
   36.239   -83.211    15.000
   36.239   -83.211    15.000
   36.239   -83.211    15.000
   36.167   -83.396    15.000
   36.167   -83.396    15.000
   36.167   -83.396    15.000
   36.167   -83.396    15.000
   36.167   -83.396    15.000
   30.706   -84.678    15.000
   30.706   -84.678    15.000
   30.706   -84.678    15.000
   30.706   -84.678    15.000
   30.706   -84.678    15.000
   30.650   -84.602    15.000
   30.650   -84.602    15.000
   30.650   -84.602    15.000
   30.650   -84.602    15.000
   30.650   -84.602    15.000
   29.753   -82.543    15.000
   29.753   -82.543    15.000
   29.753   -82.543    15.000
   29.753   -82.543    15.000
   29.753   -82.543    15.000
   35.791   -80.930    15.000
   35.791   -80.930    15.000
   35.791   -80.930    15.000
   35.791   -80.930    15.000
   35.791   -80.930    15.000
   34.875   -83.400    15.000
   34.875   -83.400    15.000
   34.875   -83.400    15.000
   34.875   -83.400    15.000
   34.875   -83.400    15.000
   34.581  -106.396    15.000
   34.581  -106.396    15.000
   34.581  -106.396    15.000
   34.581  -106.396    15.000
   34.581  -106.396    15.000
   30.664   -84.229    15.000
   30.664   -84.229    15.000
   30.664   -84.229    15.000
   30.664   -84.229    15.000
   30.664   -84.229    15.000
   32.063   -82.000    15.000
   32.063   -82.000    15.000
   32.063   -82.000    15.000
   32.063   -82.000    15.000
   32.063   -82.000    15.000
   31.097  -112.203    15.000
   31.097  -112.203    15.000
   31.097  -112.203    15.000
   31.097  -112.203    15.000
   31.097  -112.203    15.000
   29.509  -111.225    15.000
   29.509  -111.225    15.000
   29.509  -111.225    15.000
   29.509  -111.225    15.000
   29.509  -111.225    15.000
   33.590  -116.192    15.000
   33.590  -116.192    15.000
   33.590  -116.192    15.000
   33.590  -116.192    15.000
   33.590  -116.192    15.000
   35.249   -81.389    15.000
   35.249   -81.389    15.000
   35.249   -81.389    15.000
   35.249   -81.389    15.000
   35.249   -81.389    15.000
   26.621  -107.166    15.000
   26.621  -107.166    15.000
   26.621  -107.166    15.000
   26.621  -107.166    15.000
   26.621  -107.166    15.000
   59.258  -112.218    15.000
   59.258  -112.218    15.000
   59.258  -112.218    15.000
   59.258  -112.218    15.000
   59.258  -112.218    15.000
   25.192  -107.480    15.000
   25.192  -107.480    15.000
   25.192  -107.480    15.000
   25.192  -107.480    15.000
   25.192  -107.480    15.000
   25.866  -107.793    15.000
   25.866  -107.793    15.000
   25.866  -107.793    15.000
   25.866  -107.793    15.000
   25.866  -107.793    15.000
   26.308  -108.331    15.000
   26.308  -108.331    15.000
   26.308  -108.331    15.000
   26.308  -108.331    15.000
   26.308  -108.331    15.000
   52.211   -81.702    15.000
   52.211   -81.702    15.000
   52.211   -81.702    15.000
   52.211   -81.702    15.000
   52.211   -81.702    15.000
   28.169  -107.918    15.000
   28.169  -107.918    15.000
   28.169  -107.918    15.000
   28.169  -107.918    15.000
   28.169  -107.918    15.000
   27.488  -107.431    15.000
   27.488  -107.431    15.000
   27.488  -107.431    15.000
   27.488  -107.431    15.000
   27.488  -107.431    15.000
   26.665  -108.351    15.000
   26.665  -108.351    15.000
   26.665  -108.351    15.000
   26.665  -108.351    15.000
   26.665  -108.351    15.000
   26.614  -107.081    15.000
   26.614  -107.081    15.000
   26.614  -107.081    15.000
   26.614  -107.081    15.000
   26.614  -107.081    15.000
   26.354  -108.135    15.000
   26.354  -108.135    15.000
   26.354  -108.135    15.000
   26.354  -108.135    15.000
   26.354  -108.135    15.000
   26.438  -107.167    15.000
   26.438  -107.167    15.000
   26.438  -107.167    15.000
   26.438  -107.167    15.000
   26.438  -107.167    15.000
   26.409  -106.665    15.000
   26.409  -106.665    15.000
   26.409  -106.665    15.000
   26.409  -106.665    15.000
   26.409  -106.665    15.000
   26.015  -107.086    15.000
   26.015  -107.086    15.000
   26.015  -107.086    15.000
   26.015  -107.086    15.000
   26.015  -107.086    15.000
   25.422  -107.577    15.000
   25.422  -107.577    15.000
   25.422  -107.577    15.000
   25.422  -107.577    15.000
   25.422  -107.577    15.000
   28.394  -110.058    15.000
   28.394  -110.058    15.000
   28.394  -110.058    15.000
   28.394  -110.058    15.000
   28.394  -110.058    15.000
   25.214  -107.337    15.000
   25.214  -107.337    15.000
   25.214  -107.337    15.000
   25.214  -107.337    15.000
   25.214  -107.337    15.000
   25.461  -105.330    15.000
   25.461  -105.330    15.000
   25.461  -105.330    15.000
   25.461  -105.330    15.000
   25.461  -105.330    15.000
   26.382  -107.559    15.000
   26.382  -107.559    15.000
   26.382  -107.559    15.000
   26.382  -107.559    15.000
   26.382  -107.559    15.000
   26.239  -107.626    15.000
   26.239  -107.626    15.000
   26.239  -107.626    15.000
   26.239  -107.626    15.000
   26.239  -107.626    15.000
   25.823  -107.208    15.000
   25.823  -107.208    15.000
   25.823  -107.208    15.000
   25.823  -107.208    15.000
   25.823  -107.208    15.000
   25.128  -107.495    15.000
   25.128  -107.495    15.000
   25.128  -107.495    15.000
   25.128  -107.495    15.000
   25.128  -107.495    15.000
   26.436  -109.195    15.000
   26.436  -109.195    15.000
   26.436  -109.195    15.000
   26.436  -109.195    15.000
   26.436  -109.195    15.000
   26.128  -108.961    15.000
   26.128  -108.961    15.000
   26.128  -108.961    15.000
   26.128  -108.961    15.000
   26.128  -108.961    15.000
   30.690  -109.787    15.000
   30.690  -109.787    15.000
   30.690  -109.787    15.000
   30.690  -109.787    15.000
   30.690  -109.787    15.000
   35.246  -118.743    15.000
   35.246  -118.743    15.000
   35.246  -118.743    15.000
   35.246  -118.743    15.000
   35.246  -118.743    15.000
   56.003  -114.552    15.000
   56.003  -114.552    15.000
   56.003  -114.552    15.000
   56.003  -114.552    15.000
   56.003  -114.552    15.000
   53.691  -101.565    15.000
   53.691  -101.565    15.000
   53.691  -101.565    15.000
   53.691  -101.565    15.000
   53.691  -101.565    15.000
   58.938  -127.363    15.000
   58.938  -127.363    15.000
   58.938  -127.363    15.000
   58.938  -127.363    15.000
   58.938  -127.363    15.000
   55.756  -114.588    15.000
   55.756  -114.588    15.000
   55.756  -114.588    15.000
   55.756  -114.588    15.000
   55.756  -114.588    15.000
   59.158  -113.954    15.000
   59.158  -113.954    15.000
   59.158  -113.954    15.000
   59.158  -113.954    15.000
   59.158  -113.954    15.000
   53.684  -101.331    15.000
   53.684  -101.331    15.000
   53.684  -101.331    15.000
   53.684  -101.331    15.000
   53.684  -101.331    15.000
   25.200  -107.285    15.000
   25.200  -107.285    15.000
   25.200  -107.285    15.000
   25.200  -107.285    15.000
   25.200  -107.285    15.000
   25.393  -107.240    15.000
   25.393  -107.240    15.000
   25.393  -107.240    15.000
   25.393  -107.240    15.000
   25.393  -107.240    15.000
   28.713  -106.124    15.000
   28.713  -106.124    15.000
   28.713  -106.124    15.000
   28.713  -106.124    15.000
   28.713  -106.124    15.000
   28.747  -106.169    15.000
   28.747  -106.169    15.000
   28.747  -106.169    15.000
   28.747  -106.169    15.000
   28.747  -106.169    15.000
   29.417  -110.914    15.000
   29.417  -110.914    15.000
   29.417  -110.914    15.000
   29.417  -110.914    15.000
   29.417  -110.914    15.000
   26.113  -102.836    15.000
   26.113  -102.836    15.000
   26.113  -102.836    15.000
   26.113  -102.836    15.000
   26.113  -102.836    15.000
   26.147  -107.237    15.000
   26.147  -107.237    15.000
   26.147  -107.237    15.000
   26.147  -107.237    15.000
   26.147  -107.237    15.000
   25.862  -107.150    15.000
   25.862  -107.150    15.000
   25.862  -107.150    15.000
   25.862  -107.150    15.000
   25.862  -107.150    15.000
   26.422  -109.211    15.000
   26.422  -109.211    15.000
   26.422  -109.211    15.000
   26.422  -109.211    15.000
   26.422  -109.211    15.000
   53.374  -107.052    15.000
   53.374  -107.052    15.000
   53.374  -107.052    15.000
   53.374  -107.052    15.000
   53.374  -107.052    15.000
   53.497  -103.484    15.000
   53.497  -103.484    15.000
   53.497  -103.484    15.000
   53.497  -103.484    15.000
   53.497  -103.484    15.000
   55.378  -118.915    15.000
   55.378  -118.915    15.000
   55.378  -118.915    15.000
   55.378  -118.915    15.000
   55.378  -118.915    15.000
   59.174  -113.905    15.000
   59.174  -113.905    15.000
   59.174  -113.905    15.000
   59.174  -113.905    15.000
   59.174  -113.905    15.000
   57.131  -118.167    15.000
   57.131  -118.167    15.000
   57.131  -118.167    15.000
   57.131  -118.167    15.000
   57.131  -118.167    15.000
   58.454  -117.224    15.000
   58.454  -117.224    15.000
   58.454  -117.224    15.000
   58.454  -117.224    15.000
   58.454  -117.224    15.000
   54.936  -112.021    15.000
   54.936  -112.021    15.000
   54.936  -112.021    15.000
   54.936  -112.021    15.000
   54.936  -112.021    15.000
   39.507  -121.995    15.000
   39.507  -121.995    15.000
   39.507  -121.995    15.000
   39.507  -121.995    15.000
   39.507  -121.995    15.000
   38.708  -122.024    15.000
   38.708  -122.024    15.000
   38.708  -122.024    15.000
   38.708  -122.024    15.000
   38.708  -122.024    15.000
   39.829  -122.051    15.000
   39.829  -122.051    15.000
   39.829  -122.051    15.000
   39.829  -122.051    15.000
   39.829  -122.051    15.000
   41.379  -120.602    15.000
   41.379  -120.602    15.000
   41.379  -120.602    15.000
   41.379  -120.602    15.000
   41.379  -120.602    15.000
   65.181  -137.080    15.000
   65.181  -137.080    15.000
   65.181  -137.080    15.000
   65.181  -137.080    15.000
   65.181  -137.080    15.000
   64.906  -138.624    15.000
   64.906  -138.624    15.000
   64.906  -138.624    15.000
   64.906  -138.624    15.000
   64.906  -138.624    15.000
   55.875  -114.450    15.000
   55.875  -114.450    15.000
   55.875  -114.450    15.000
   55.875  -114.450    15.000
   55.875  -114.450    15.000
   55.919  -114.494    15.000
   55.919  -114.494    15.000
   55.919  -114.494    15.000
   55.919  -114.494    15.000
   55.919  -114.494    15.000
   55.998  -114.604    15.000
   55.998  -114.604    15.000
   55.998  -114.604    15.000
   55.998  -114.604    15.000
   55.998  -114.604    15.000
   55.754  -114.588    15.000
   55.754  -114.588    15.000
   55.754  -114.588    15.000
   55.754  -114.588    15.000
   55.754  -114.588    15.000
   55.966  -114.563    15.000
   55.966  -114.563    15.000
   55.966  -114.563    15.000
   55.966  -114.563    15.000
   55.966  -114.563    15.000
   58.640  -117.870    15.000
   58.640  -117.870    15.000
   58.640  -117.870    15.000
   58.640  -117.870    15.000
   58.640  -117.870    15.000
   58.578  -117.884    15.000
   58.578  -117.884    15.000
   58.578  -117.884    15.000
   58.578  -117.884    15.000
   58.578  -117.884    15.000
   58.520  -117.315    15.000
   58.520  -117.315    15.000
   58.520  -117.315    15.000
   58.520  -117.315    15.000
   58.520  -117.315    15.000
   58.520  -117.260    15.000
   58.520  -117.260    15.000
   58.520  -117.260    15.000
   58.520  -117.260    15.000
   58.520  -117.260    15.000
   58.394  -117.663    15.000
   58.394  -117.663    15.000
   58.394  -117.663    15.000
   58.394  -117.663    15.000
   58.394  -117.663    15.000
   58.347  -117.574    15.000
   58.347  -117.574    15.000
   58.347  -117.574    15.000
   58.347  -117.574    15.000
   58.347  -117.574    15.000
   58.500  -117.770    15.000
   58.500  -117.770    15.000
   58.500  -117.770    15.000
   58.500  -117.770    15.000
   58.500  -117.770    15.000
   58.616  -117.811    15.000
   58.616  -117.811    15.000
   58.616  -117.811    15.000
   58.616  -117.811    15.000
   58.616  -117.811    15.000
   58.260  -117.480    15.000
   58.260  -117.480    15.000
   58.260  -117.480    15.000
   58.260  -117.480    15.000
   58.260  -117.480    15.000
   58.230  -117.485    15.000
   58.230  -117.485    15.000
   58.230  -117.485    15.000
   58.230  -117.485    15.000
   58.230  -117.485    15.000
   57.064  -118.077    15.000
   57.064  -118.077    15.000
   57.064  -118.077    15.000
   57.064  -118.077    15.000
   57.064  -118.077    15.000
   59.320  -112.180    15.000
   59.320  -112.180    15.000
   59.320  -112.180    15.000
   59.320  -112.180    15.000
   59.320  -112.180    15.000
   59.295  -112.225    15.000
   59.295  -112.225    15.000
   59.295  -112.225    15.000
   59.295  -112.225    15.000
   59.295  -112.225    15.000
   57.035  -117.840    15.000
   57.035  -117.840    15.000
   57.035  -117.840    15.000
   57.035  -117.840    15.000
   57.035  -117.840    15.000
   58.426  -117.681    15.000
   58.426  -117.681    15.000
   58.426  -117.681    15.000
   58.426  -117.681    15.000
   58.426  -117.681    15.000
   57.080  -118.050    15.000
   57.080  -118.050    15.000
   57.080  -118.050    15.000
   57.080  -118.050    15.000
   57.080  -118.050    15.000
   59.300  -112.120    15.000
   59.300  -112.120    15.000
   59.300  -112.120    15.000
   59.300  -112.120    15.000
   59.300  -112.120    15.000
   58.305  -117.505    15.000
   58.305  -117.505    15.000
   58.305  -117.505    15.000
   58.305  -117.505    15.000
   58.305  -117.505    15.000
   59.330  -112.124    15.000
   59.330  -112.124    15.000
   59.330  -112.124    15.000
   59.330  -112.124    15.000
   59.330  -112.124    15.000
   58.640  -117.810    15.000
   58.640  -117.810    15.000
   58.640  -117.810    15.000
   58.640  -117.810    15.000
   58.640  -117.810    15.000
   58.630  -117.910    15.000
   58.630  -117.910    15.000
   58.630  -117.910    15.000
   58.630  -117.910    15.000
   58.630  -117.910    15.000
   58.630  -117.700    15.000
   58.630  -117.700    15.000
   58.630  -117.700    15.000
   58.630  -117.700    15.000
   58.630  -117.700    15.000
   55.906  -114.760    15.000
   55.906  -114.760    15.000
   55.906  -114.760    15.000
   55.906  -114.760    15.000
   55.906  -114.760    15.000
   59.215  -112.256    15.000
   59.215  -112.256    15.000
   59.215  -112.256    15.000
   59.215  -112.256    15.000
   59.215  -112.256    15.000
   58.211  -117.534    15.000
   58.211  -117.534    15.000
   58.211  -117.534    15.000
   58.211  -117.534    15.000
   58.211  -117.534    15.000
   59.201  -112.291    15.000
   59.201  -112.291    15.000
   59.201  -112.291    15.000
   59.201  -112.291    15.000
   59.201  -112.291    15.000
   58.254  -117.589    15.000
   58.254  -117.589    15.000
   58.254  -117.589    15.000
   58.254  -117.589    15.000
   58.254  -117.589    15.000
   55.000   -98.500    15.000
   55.000   -98.500    15.000
   55.000   -98.500    15.000
   55.000   -98.500    15.000
   55.000   -98.500    15.000
0024
0
  10000.0
1
./
ERA5-20190525-00-casestudy-31km.arl
1
PM25
0.001
    24.000
19 05 25 00 00
1
   55.000   -98.500
    0.100     0.100
   30.000    92.000
./
hysplit.con
1
10
19 05 25 00 00
19 05 26 00 00
0 1 0
1
1 1 1
0 0 0 0 0
0 0 0
0
0.0
