19 05 29 00
1960
   60.833  -137.639    15.000
   60.833  -137.639    15.000
   60.833  -137.639    15.000
   60.833  -137.639    15.000
   60.833  -137.639    15.000
   63.635  -137.951    15.000
   63.635  -137.951    15.000
   63.635  -137.951    15.000
   63.635  -137.951    15.000
   63.635  -137.951    15.000
   64.010  -146.240    15.000
   64.010  -146.240    15.000
   64.010  -146.240    15.000
   64.010  -146.240    15.000
   64.010  -146.240    15.000
   64.020  -146.184    15.000
   64.020  -146.184    15.000
   64.020  -146.184    15.000
   64.020  -146.184    15.000
   64.020  -146.184    15.000
   63.062  -139.205    15.000
   63.062  -139.205    15.000
   63.062  -139.205    15.000
   63.062  -139.205    15.000
   63.062  -139.205    15.000
   64.044  -146.188    15.000
   64.044  -146.188    15.000
   64.044  -146.188    15.000
   64.044  -146.188    15.000
   64.044  -146.188    15.000
   63.898  -146.038    15.000
   63.898  -146.038    15.000
   63.898  -146.038    15.000
   63.898  -146.038    15.000
   63.898  -146.038    15.000
   63.951  -146.203    15.000
   63.951  -146.203    15.000
   63.951  -146.203    15.000
   63.951  -146.203    15.000
   63.951  -146.203    15.000
   63.947  -146.150    15.000
   63.947  -146.150    15.000
   63.947  -146.150    15.000
   63.947  -146.150    15.000
   63.947  -146.150    15.000
   60.648  -120.305    15.000
   60.648  -120.305    15.000
   60.648  -120.305    15.000
   60.648  -120.305    15.000
   60.648  -120.305    15.000
   58.942  -127.364    15.000
   58.942  -127.364    15.000
   58.942  -127.364    15.000
   58.942  -127.364    15.000
   58.942  -127.364    15.000
   58.987  -127.384    15.000
   58.987  -127.384    15.000
   58.987  -127.384    15.000
   58.987  -127.384    15.000
   58.987  -127.384    15.000
   59.864  -124.233    15.000
   59.864  -124.233    15.000
   59.864  -124.233    15.000
   59.864  -124.233    15.000
   59.864  -124.233    15.000
   59.874  -124.173    15.000
   59.874  -124.173    15.000
   59.874  -124.173    15.000
   59.874  -124.173    15.000
   59.874  -124.173    15.000
   57.498  -122.820    15.000
   57.498  -122.820    15.000
   57.498  -122.820    15.000
   57.498  -122.820    15.000
   57.498  -122.820    15.000
   59.562  -128.626    15.000
   59.562  -128.626    15.000
   59.562  -128.626    15.000
   59.562  -128.626    15.000
   59.562  -128.626    15.000
   59.556  -128.685    15.000
   59.556  -128.685    15.000
   59.556  -128.685    15.000
   59.556  -128.685    15.000
   59.556  -128.685    15.000
   58.174  -131.581    15.000
   58.174  -131.581    15.000
   58.174  -131.581    15.000
   58.174  -131.581    15.000
   58.174  -131.581    15.000
   59.574  -128.615    15.000
   59.574  -128.615    15.000
   59.574  -128.615    15.000
   59.574  -128.615    15.000
   59.574  -128.615    15.000
   58.644  -117.858    15.000
   58.644  -117.858    15.000
   58.644  -117.858    15.000
   58.644  -117.858    15.000
   58.644  -117.858    15.000
   58.251  -117.570    15.000
   58.251  -117.570    15.000
   58.251  -117.570    15.000
   58.251  -117.570    15.000
   58.251  -117.570    15.000
   58.336  -117.658    15.000
   58.336  -117.658    15.000
   58.336  -117.658    15.000
   58.336  -117.658    15.000
   58.336  -117.658    15.000
   58.432  -117.733    15.000
   58.432  -117.733    15.000
   58.432  -117.733    15.000
   58.432  -117.733    15.000
   58.432  -117.733    15.000
   58.554  -117.695    15.000
   58.554  -117.695    15.000
   58.554  -117.695    15.000
   58.554  -117.695    15.000
   58.554  -117.695    15.000
   59.191  -112.028    15.000
   59.191  -112.028    15.000
   59.191  -112.028    15.000
   59.191  -112.028    15.000
   59.191  -112.028    15.000
   28.172  -107.925    15.000
   28.172  -107.925    15.000
   28.172  -107.925    15.000
   28.172  -107.925    15.000
   28.172  -107.925    15.000
   27.149  -107.832    15.000
   27.149  -107.832    15.000
   27.149  -107.832    15.000
   27.149  -107.832    15.000
   27.149  -107.832    15.000
   58.993  -127.388    15.000
   58.993  -127.388    15.000
   58.993  -127.388    15.000
   58.993  -127.388    15.000
   58.993  -127.388    15.000
   58.528  -117.624    15.000
   58.528  -117.624    15.000
   58.528  -117.624    15.000
   58.528  -117.624    15.000
   58.528  -117.624    15.000
   58.552  -117.519    15.000
   58.552  -117.519    15.000
   58.552  -117.519    15.000
   58.552  -117.519    15.000
   58.552  -117.519    15.000
   58.621  -117.655    15.000
   58.621  -117.655    15.000
   58.621  -117.655    15.000
   58.621  -117.655    15.000
   58.621  -117.655    15.000
   58.611  -117.929    15.000
   58.611  -117.929    15.000
   58.611  -117.929    15.000
   58.611  -117.929    15.000
   58.611  -117.929    15.000
   57.215  -117.912    15.000
   57.215  -117.912    15.000
   57.215  -117.912    15.000
   57.215  -117.912    15.000
   57.215  -117.912    15.000
   57.073  -118.111    15.000
   57.073  -118.111    15.000
   57.073  -118.111    15.000
   57.073  -118.111    15.000
   57.073  -118.111    15.000
   57.126  -118.012    15.000
   57.126  -118.012    15.000
   57.126  -118.012    15.000
   57.126  -118.012    15.000
   57.126  -118.012    15.000
   59.624  -117.361    15.000
   59.624  -117.361    15.000
   59.624  -117.361    15.000
   59.624  -117.361    15.000
   59.624  -117.361    15.000
   58.533  -117.396    15.000
   58.533  -117.396    15.000
   58.533  -117.396    15.000
   58.533  -117.396    15.000
   58.533  -117.396    15.000
   58.468  -117.226    15.000
   58.468  -117.226    15.000
   58.468  -117.226    15.000
   58.468  -117.226    15.000
   58.468  -117.226    15.000
   55.917  -114.768    15.000
   55.917  -114.768    15.000
   55.917  -114.768    15.000
   55.917  -114.768    15.000
   55.917  -114.768    15.000
   59.278  -112.265    15.000
   59.278  -112.265    15.000
   59.278  -112.265    15.000
   59.278  -112.265    15.000
   59.278  -112.265    15.000
   58.355  -117.590    15.000
   58.355  -117.590    15.000
   58.355  -117.590    15.000
   58.355  -117.590    15.000
   58.355  -117.590    15.000
   57.214  -117.980    15.000
   57.214  -117.980    15.000
   57.214  -117.980    15.000
   57.214  -117.980    15.000
   57.214  -117.980    15.000
   60.665  -120.253    15.000
   60.665  -120.253    15.000
   60.665  -120.253    15.000
   60.665  -120.253    15.000
   60.665  -120.253    15.000
   55.900  -114.564    15.000
   55.900  -114.564    15.000
   55.900  -114.564    15.000
   55.900  -114.564    15.000
   55.900  -114.564    15.000
   55.769  -114.582    15.000
   55.769  -114.582    15.000
   55.769  -114.582    15.000
   55.769  -114.582    15.000
   55.769  -114.582    15.000
   48.388   -99.176    15.000
   48.388   -99.176    15.000
   48.388   -99.176    15.000
   48.388   -99.176    15.000
   48.388   -99.176    15.000
   30.194   -93.326    15.000
   30.194   -93.326    15.000
   30.194   -93.326    15.000
   30.194   -93.326    15.000
   30.194   -93.326    15.000
   26.888  -101.456    15.000
   26.888  -101.456    15.000
   26.888  -101.456    15.000
   26.888  -101.456    15.000
   26.888  -101.456    15.000
   27.799  -108.450    15.000
   27.799  -108.450    15.000
   27.799  -108.450    15.000
   27.799  -108.450    15.000
   27.799  -108.450    15.000
   31.359  -101.778    15.000
   31.359  -101.778    15.000
   31.359  -101.778    15.000
   31.359  -101.778    15.000
   31.359  -101.778    15.000
   30.777   -90.392    15.000
   30.777   -90.392    15.000
   30.777   -90.392    15.000
   30.777   -90.392    15.000
   30.777   -90.392    15.000
   35.256  -101.663    15.000
   35.256  -101.663    15.000
   35.256  -101.663    15.000
   35.256  -101.663    15.000
   35.256  -101.663    15.000
   47.215  -100.214    15.000
   47.215  -100.214    15.000
   47.215  -100.214    15.000
   47.215  -100.214    15.000
   47.215  -100.214    15.000
   48.397  -102.913    15.000
   48.397  -102.913    15.000
   48.397  -102.913    15.000
   48.397  -102.913    15.000
   48.397  -102.913    15.000
   30.714   -88.729    15.000
   30.714   -88.729    15.000
   30.714   -88.729    15.000
   30.714   -88.729    15.000
   30.714   -88.729    15.000
   30.296   -84.551    15.000
   30.296   -84.551    15.000
   30.296   -84.551    15.000
   30.296   -84.551    15.000
   30.296   -84.551    15.000
   33.208   -79.528    15.000
   33.208   -79.528    15.000
   33.208   -79.528    15.000
   33.208   -79.528    15.000
   33.208   -79.528    15.000
   57.024  -117.912    15.000
   57.024  -117.912    15.000
   57.024  -117.912    15.000
   57.024  -117.912    15.000
   57.024  -117.912    15.000
   58.512  -117.709    15.000
   58.512  -117.709    15.000
   58.512  -117.709    15.000
   58.512  -117.709    15.000
   58.512  -117.709    15.000
   55.929  -114.352    15.000
   55.929  -114.352    15.000
   55.929  -114.352    15.000
   55.929  -114.352    15.000
   55.929  -114.352    15.000
   32.775   -96.803    15.000
   32.775   -96.803    15.000
   32.775   -96.803    15.000
   32.775   -96.803    15.000
   32.775   -96.803    15.000
   26.755   -77.419    15.000
   26.755   -77.419    15.000
   26.755   -77.419    15.000
   26.755   -77.419    15.000
   26.755   -77.419    15.000
   48.091   -98.445    15.000
   48.091   -98.445    15.000
   48.091   -98.445    15.000
   48.091   -98.445    15.000
   48.091   -98.445    15.000
   48.192   -98.261    15.000
   48.192   -98.261    15.000
   48.192   -98.261    15.000
   48.192   -98.261    15.000
   48.192   -98.261    15.000
   58.964  -127.335    15.000
   58.964  -127.335    15.000
   58.964  -127.335    15.000
   58.964  -127.335    15.000
   58.964  -127.335    15.000
   30.208  -108.444    15.000
   30.208  -108.444    15.000
   30.208  -108.444    15.000
   30.208  -108.444    15.000
   30.208  -108.444    15.000
   28.689  -108.359    15.000
   28.689  -108.359    15.000
   28.689  -108.359    15.000
   28.689  -108.359    15.000
   28.689  -108.359    15.000
   49.915  -100.955    15.000
   49.915  -100.955    15.000
   49.915  -100.955    15.000
   49.915  -100.955    15.000
   49.915  -100.955    15.000
   30.573   -90.877    15.000
   30.573   -90.877    15.000
   30.573   -90.877    15.000
   30.573   -90.877    15.000
   30.573   -90.877    15.000
   59.194  -112.308    15.000
   59.194  -112.308    15.000
   59.194  -112.308    15.000
   59.194  -112.308    15.000
   59.194  -112.308    15.000
   26.575  -106.976    15.000
   26.575  -106.976    15.000
   26.575  -106.976    15.000
   26.575  -106.976    15.000
   26.575  -106.976    15.000
   26.558  -107.091    15.000
   26.558  -107.091    15.000
   26.558  -107.091    15.000
   26.558  -107.091    15.000
   26.558  -107.091    15.000
   26.518  -107.359    15.000
   26.518  -107.359    15.000
   26.518  -107.359    15.000
   26.518  -107.359    15.000
   26.518  -107.359    15.000
   26.535  -107.378    15.000
   26.535  -107.378    15.000
   26.535  -107.378    15.000
   26.535  -107.378    15.000
   26.535  -107.378    15.000
   55.994  -114.438    15.000
   55.994  -114.438    15.000
   55.994  -114.438    15.000
   55.994  -114.438    15.000
   55.994  -114.438    15.000
   60.831  -137.625    15.000
   60.831  -137.625    15.000
   60.831  -137.625    15.000
   60.831  -137.625    15.000
   60.831  -137.625    15.000
   59.319  -112.285    15.000
   59.319  -112.285    15.000
   59.319  -112.285    15.000
   59.319  -112.285    15.000
   59.319  -112.285    15.000
   57.129  -118.129    15.000
   57.129  -118.129    15.000
   57.129  -118.129    15.000
   57.129  -118.129    15.000
   57.129  -118.129    15.000
   57.174  -118.072    15.000
   57.174  -118.072    15.000
   57.174  -118.072    15.000
   57.174  -118.072    15.000
   57.174  -118.072    15.000
   56.033  -114.506    15.000
   56.033  -114.506    15.000
   56.033  -114.506    15.000
   56.033  -114.506    15.000
   56.033  -114.506    15.000
   54.473  -115.958    15.000
   54.473  -115.958    15.000
   54.473  -115.958    15.000
   54.473  -115.958    15.000
   54.473  -115.958    15.000
   59.241  -112.319    15.000
   59.241  -112.319    15.000
   59.241  -112.319    15.000
   59.241  -112.319    15.000
   59.241  -112.319    15.000
   30.852   -90.396    15.000
   30.852   -90.396    15.000
   30.852   -90.396    15.000
   30.852   -90.396    15.000
   30.852   -90.396    15.000
   27.395  -108.437    15.000
   27.395  -108.437    15.000
   27.395  -108.437    15.000
   27.395  -108.437    15.000
   27.395  -108.437    15.000
   27.435  -108.508    15.000
   27.435  -108.508    15.000
   27.435  -108.508    15.000
   27.435  -108.508    15.000
   27.435  -108.508    15.000
   31.172  -111.029    15.000
   31.172  -111.029    15.000
   31.172  -111.029    15.000
   31.172  -111.029    15.000
   31.172  -111.029    15.000
   32.097  -116.577    15.000
   32.097  -116.577    15.000
   32.097  -116.577    15.000
   32.097  -116.577    15.000
   32.097  -116.577    15.000
   58.495  -117.263    15.000
   58.495  -117.263    15.000
   58.495  -117.263    15.000
   58.495  -117.263    15.000
   58.495  -117.263    15.000
   58.516  -117.337    15.000
   58.516  -117.337    15.000
   58.516  -117.337    15.000
   58.516  -117.337    15.000
   58.516  -117.337    15.000
   60.319  -126.223    15.000
   60.319  -126.223    15.000
   60.319  -126.223    15.000
   60.319  -126.223    15.000
   60.319  -126.223    15.000
   33.801  -117.387    15.000
   33.801  -117.387    15.000
   33.801  -117.387    15.000
   33.801  -117.387    15.000
   33.801  -117.387    15.000
   48.627   -96.635    15.000
   48.627   -96.635    15.000
   48.627   -96.635    15.000
   48.627   -96.635    15.000
   48.627   -96.635    15.000
   26.798   -81.320    15.000
   26.798   -81.320    15.000
   26.798   -81.320    15.000
   26.798   -81.320    15.000
   26.798   -81.320    15.000
   55.826  -114.421    15.000
   55.826  -114.421    15.000
   55.826  -114.421    15.000
   55.826  -114.421    15.000
   55.826  -114.421    15.000
   58.640  -117.880    15.000
   58.640  -117.880    15.000
   58.640  -117.880    15.000
   58.640  -117.880    15.000
   58.640  -117.880    15.000
   59.863  -124.219    15.000
   59.863  -124.219    15.000
   59.863  -124.219    15.000
   59.863  -124.219    15.000
   59.863  -124.219    15.000
   59.878  -124.223    15.000
   59.878  -124.223    15.000
   59.878  -124.223    15.000
   59.878  -124.223    15.000
   59.878  -124.223    15.000
   55.992  -114.698    15.000
   55.992  -114.698    15.000
   55.992  -114.698    15.000
   55.992  -114.698    15.000
   55.992  -114.698    15.000
   55.945  -114.533    15.000
   55.945  -114.533    15.000
   55.945  -114.533    15.000
   55.945  -114.533    15.000
   55.945  -114.533    15.000
   57.228  -117.863    15.000
   57.228  -117.863    15.000
   57.228  -117.863    15.000
   57.228  -117.863    15.000
   57.228  -117.863    15.000
   58.420  -117.660    15.000
   58.420  -117.660    15.000
   58.420  -117.660    15.000
   58.420  -117.660    15.000
   58.420  -117.660    15.000
   34.723   -88.247    15.000
   34.723   -88.247    15.000
   34.723   -88.247    15.000
   34.723   -88.247    15.000
   34.723   -88.247    15.000
   33.098   -82.381    15.000
   33.098   -82.381    15.000
   33.098   -82.381    15.000
   33.098   -82.381    15.000
   33.098   -82.381    15.000
   29.811   -84.976    15.000
   29.811   -84.976    15.000
   29.811   -84.976    15.000
   29.811   -84.976    15.000
   29.811   -84.976    15.000
   55.710  -114.471    15.000
   55.710  -114.471    15.000
   55.710  -114.471    15.000
   55.710  -114.471    15.000
   55.710  -114.471    15.000
   56.010  -114.401    15.000
   56.010  -114.401    15.000
   56.010  -114.401    15.000
   56.010  -114.401    15.000
   56.010  -114.401    15.000
   26.632  -107.025    15.000
   26.632  -107.025    15.000
   26.632  -107.025    15.000
   26.632  -107.025    15.000
   26.632  -107.025    15.000
   49.788  -101.871    15.000
   49.788  -101.871    15.000
   49.788  -101.871    15.000
   49.788  -101.871    15.000
   49.788  -101.871    15.000
   58.276  -117.611    15.000
   58.276  -117.611    15.000
   58.276  -117.611    15.000
   58.276  -117.611    15.000
   58.276  -117.611    15.000
   59.125  -112.076    15.000
   59.125  -112.076    15.000
   59.125  -112.076    15.000
   59.125  -112.076    15.000
   59.125  -112.076    15.000
   58.189  -117.392    15.000
   58.189  -117.392    15.000
   58.189  -117.392    15.000
   58.189  -117.392    15.000
   58.189  -117.392    15.000
   28.197  -108.011    15.000
   28.197  -108.011    15.000
   28.197  -108.011    15.000
   28.197  -108.011    15.000
   28.197  -108.011    15.000
   28.573  -100.597    15.000
   28.573  -100.597    15.000
   28.573  -100.597    15.000
   28.573  -100.597    15.000
   28.573  -100.597    15.000
   25.436  -107.526    15.000
   25.436  -107.526    15.000
   25.436  -107.526    15.000
   25.436  -107.526    15.000
   25.436  -107.526    15.000
   25.535  -107.012    15.000
   25.535  -107.012    15.000
   25.535  -107.012    15.000
   25.535  -107.012    15.000
   25.535  -107.012    15.000
   25.508  -107.406    15.000
   25.508  -107.406    15.000
   25.508  -107.406    15.000
   25.508  -107.406    15.000
   25.508  -107.406    15.000
   26.097  -106.786    15.000
   26.097  -106.786    15.000
   26.097  -106.786    15.000
   26.097  -106.786    15.000
   26.097  -106.786    15.000
   26.143  -106.606    15.000
   26.143  -106.606    15.000
   26.143  -106.606    15.000
   26.143  -106.606    15.000
   26.143  -106.606    15.000
   26.123  -107.238    15.000
   26.123  -107.238    15.000
   26.123  -107.238    15.000
   26.123  -107.238    15.000
   26.123  -107.238    15.000
   26.172  -107.582    15.000
   26.172  -107.582    15.000
   26.172  -107.582    15.000
   26.172  -107.582    15.000
   26.172  -107.582    15.000
   26.277  -107.471    15.000
   26.277  -107.471    15.000
   26.277  -107.471    15.000
   26.277  -107.471    15.000
   26.277  -107.471    15.000
   26.366  -107.244    15.000
   26.366  -107.244    15.000
   26.366  -107.244    15.000
   26.366  -107.244    15.000
   26.366  -107.244    15.000
   33.328   -80.478    15.000
   33.328   -80.478    15.000
   33.328   -80.478    15.000
   33.328   -80.478    15.000
   33.328   -80.478    15.000
   29.390  -107.903    15.000
   29.390  -107.903    15.000
   29.390  -107.903    15.000
   29.390  -107.903    15.000
   29.390  -107.903    15.000
   57.028  -117.795    15.000
   57.028  -117.795    15.000
   57.028  -117.795    15.000
   57.028  -117.795    15.000
   57.028  -117.795    15.000
   28.969   -80.944    15.000
   28.969   -80.944    15.000
   28.969   -80.944    15.000
   28.969   -80.944    15.000
   28.969   -80.944    15.000
   28.432   -82.254    15.000
   28.432   -82.254    15.000
   28.432   -82.254    15.000
   28.432   -82.254    15.000
   28.432   -82.254    15.000
   26.370   -81.555    15.000
   26.370   -81.555    15.000
   26.370   -81.555    15.000
   26.370   -81.555    15.000
   26.370   -81.555    15.000
   26.315   -81.478    15.000
   26.315   -81.478    15.000
   26.315   -81.478    15.000
   26.315   -81.478    15.000
   26.315   -81.478    15.000
   58.431  -117.394    15.000
   58.431  -117.394    15.000
   58.431  -117.394    15.000
   58.431  -117.394    15.000
   58.431  -117.394    15.000
   30.863   -89.013    15.000
   30.863   -89.013    15.000
   30.863   -89.013    15.000
   30.863   -89.013    15.000
   30.863   -89.013    15.000
   31.054   -90.663    15.000
   31.054   -90.663    15.000
   31.054   -90.663    15.000
   31.054   -90.663    15.000
   31.054   -90.663    15.000
   37.526  -103.194    15.000
   37.526  -103.194    15.000
   37.526  -103.194    15.000
   37.526  -103.194    15.000
   37.526  -103.194    15.000
   32.817   -83.554    15.000
   32.817   -83.554    15.000
   32.817   -83.554    15.000
   32.817   -83.554    15.000
   32.817   -83.554    15.000
   34.148   -83.667    15.000
   34.148   -83.667    15.000
   34.148   -83.667    15.000
   34.148   -83.667    15.000
   34.148   -83.667    15.000
   34.434   -84.918    15.000
   34.434   -84.918    15.000
   34.434   -84.918    15.000
   34.434   -84.918    15.000
   34.434   -84.918    15.000
   31.491   -83.816    15.000
   31.491   -83.816    15.000
   31.491   -83.816    15.000
   31.491   -83.816    15.000
   31.491   -83.816    15.000
   32.304   -83.558    15.000
   32.304   -83.558    15.000
   32.304   -83.558    15.000
   32.304   -83.558    15.000
   32.304   -83.558    15.000
   36.213   -91.113    15.000
   36.213   -91.113    15.000
   36.213   -91.113    15.000
   36.213   -91.113    15.000
   36.213   -91.113    15.000
   36.142   -91.005    15.000
   36.142   -91.005    15.000
   36.142   -91.005    15.000
   36.142   -91.005    15.000
   36.142   -91.005    15.000
   40.275   -85.719    15.000
   40.275   -85.719    15.000
   40.275   -85.719    15.000
   40.275   -85.719    15.000
   40.275   -85.719    15.000
   39.539   -80.875    15.000
   39.539   -80.875    15.000
   39.539   -80.875    15.000
   39.539   -80.875    15.000
   39.539   -80.875    15.000
   37.386   -81.313    15.000
   37.386   -81.313    15.000
   37.386   -81.313    15.000
   37.386   -81.313    15.000
   37.386   -81.313    15.000
   30.224   -93.303    15.000
   30.224   -93.303    15.000
   30.224   -93.303    15.000
   30.224   -93.303    15.000
   30.224   -93.303    15.000
   35.440   -81.023    15.000
   35.440   -81.023    15.000
   35.440   -81.023    15.000
   35.440   -81.023    15.000
   35.440   -81.023    15.000
   25.258  -107.379    15.000
   25.258  -107.379    15.000
   25.258  -107.379    15.000
   25.258  -107.379    15.000
   25.258  -107.379    15.000
   29.151   -89.271    15.000
   29.151   -89.271    15.000
   29.151   -89.271    15.000
   29.151   -89.271    15.000
   29.151   -89.271    15.000
   26.898  -107.485    15.000
   26.898  -107.485    15.000
   26.898  -107.485    15.000
   26.898  -107.485    15.000
   26.898  -107.485    15.000
   26.920  -107.782    15.000
   26.920  -107.782    15.000
   26.920  -107.782    15.000
   26.920  -107.782    15.000
   26.920  -107.782    15.000
   27.629  -107.798    15.000
   27.629  -107.798    15.000
   27.629  -107.798    15.000
   27.629  -107.798    15.000
   27.629  -107.798    15.000
   27.666  -108.260    15.000
   27.666  -108.260    15.000
   27.666  -108.260    15.000
   27.666  -108.260    15.000
   27.666  -108.260    15.000
   55.862  -114.586    15.000
   55.862  -114.586    15.000
   55.862  -114.586    15.000
   55.862  -114.586    15.000
   55.862  -114.586    15.000
   55.903  -114.441    15.000
   55.903  -114.441    15.000
   55.903  -114.441    15.000
   55.903  -114.441    15.000
   55.903  -114.441    15.000
   47.705   -82.511    15.000
   47.705   -82.511    15.000
   47.705   -82.511    15.000
   47.705   -82.511    15.000
   47.705   -82.511    15.000
   59.154  -112.039    15.000
   59.154  -112.039    15.000
   59.154  -112.039    15.000
   59.154  -112.039    15.000
   59.154  -112.039    15.000
   58.594  -117.732    15.000
   58.594  -117.732    15.000
   58.594  -117.732    15.000
   58.594  -117.732    15.000
   58.594  -117.732    15.000
   33.033   -84.957    15.000
   33.033   -84.957    15.000
   33.033   -84.957    15.000
   33.033   -84.957    15.000
   33.033   -84.957    15.000
   30.381  -111.440    15.000
   30.381  -111.440    15.000
   30.381  -111.440    15.000
   30.381  -111.440    15.000
   30.381  -111.440    15.000
   30.849  -107.192    15.000
   30.849  -107.192    15.000
   30.849  -107.192    15.000
   30.849  -107.192    15.000
   30.849  -107.192    15.000
   27.995  -107.613    15.000
   27.995  -107.613    15.000
   27.995  -107.613    15.000
   27.995  -107.613    15.000
   27.995  -107.613    15.000
   28.794  -106.544    15.000
   28.794  -106.544    15.000
   28.794  -106.544    15.000
   28.794  -106.544    15.000
   28.794  -106.544    15.000
   26.526  -106.855    15.000
   26.526  -106.855    15.000
   26.526  -106.855    15.000
   26.526  -106.855    15.000
   26.526  -106.855    15.000
   25.483  -107.081    15.000
   25.483  -107.081    15.000
   25.483  -107.081    15.000
   25.483  -107.081    15.000
   25.483  -107.081    15.000
   27.320  -109.242    15.000
   27.320  -109.242    15.000
   27.320  -109.242    15.000
   27.320  -109.242    15.000
   27.320  -109.242    15.000
   25.746  -107.403    15.000
   25.746  -107.403    15.000
   25.746  -107.403    15.000
   25.746  -107.403    15.000
   25.746  -107.403    15.000
   25.911  -107.098    15.000
   25.911  -107.098    15.000
   25.911  -107.098    15.000
   25.911  -107.098    15.000
   25.911  -107.098    15.000
   26.031  -107.135    15.000
   26.031  -107.135    15.000
   26.031  -107.135    15.000
   26.031  -107.135    15.000
   26.031  -107.135    15.000
   26.014  -107.729    15.000
   26.014  -107.729    15.000
   26.014  -107.729    15.000
   26.014  -107.729    15.000
   26.014  -107.729    15.000
   26.139  -107.927    15.000
   26.139  -107.927    15.000
   26.139  -107.927    15.000
   26.139  -107.927    15.000
   26.139  -107.927    15.000
   26.592  -108.061    15.000
   26.592  -108.061    15.000
   26.592  -108.061    15.000
   26.592  -108.061    15.000
   26.592  -108.061    15.000
   55.865  -114.449    15.000
   55.865  -114.449    15.000
   55.865  -114.449    15.000
   55.865  -114.449    15.000
   55.865  -114.449    15.000
   35.716   -80.887    15.000
   35.716   -80.887    15.000
   35.716   -80.887    15.000
   35.716   -80.887    15.000
   35.716   -80.887    15.000
   35.736   -81.899    15.000
   35.736   -81.899    15.000
   35.736   -81.899    15.000
   35.736   -81.899    15.000
   35.736   -81.899    15.000
   35.796   -80.926    15.000
   35.796   -80.926    15.000
   35.796   -80.926    15.000
   35.796   -80.926    15.000
   35.796   -80.926    15.000
   36.225   -80.304    15.000
   36.225   -80.304    15.000
   36.225   -80.304    15.000
   36.225   -80.304    15.000
   36.225   -80.304    15.000
   31.960   -85.965    15.000
   31.960   -85.965    15.000
   31.960   -85.965    15.000
   31.960   -85.965    15.000
   31.960   -85.965    15.000
   28.976   -80.924    15.000
   28.976   -80.924    15.000
   28.976   -80.924    15.000
   28.976   -80.924    15.000
   28.976   -80.924    15.000
   30.787   -84.591    15.000
   30.787   -84.591    15.000
   30.787   -84.591    15.000
   30.787   -84.591    15.000
   30.787   -84.591    15.000
   31.617   -84.396    15.000
   31.617   -84.396    15.000
   31.617   -84.396    15.000
   31.617   -84.396    15.000
   31.617   -84.396    15.000
   30.683   -84.123    15.000
   30.683   -84.123    15.000
   30.683   -84.123    15.000
   30.683   -84.123    15.000
   30.683   -84.123    15.000
   31.197   -84.130    15.000
   31.197   -84.130    15.000
   31.197   -84.130    15.000
   31.197   -84.130    15.000
   31.197   -84.130    15.000
   31.338   -84.311    15.000
   31.338   -84.311    15.000
   31.338   -84.311    15.000
   31.338   -84.311    15.000
   31.338   -84.311    15.000
   34.738   -91.240    15.000
   34.738   -91.240    15.000
   34.738   -91.240    15.000
   34.738   -91.240    15.000
   34.738   -91.240    15.000
   26.694   -81.136    15.000
   26.694   -81.136    15.000
   26.694   -81.136    15.000
   26.694   -81.136    15.000
   26.694   -81.136    15.000
   58.555  -117.878    15.000
   58.555  -117.878    15.000
   58.555  -117.878    15.000
   58.555  -117.878    15.000
   58.555  -117.878    15.000
   31.153   -89.720    15.000
   31.153   -89.720    15.000
   31.153   -89.720    15.000
   31.153   -89.720    15.000
   31.153   -89.720    15.000
   46.862  -113.529    15.000
   46.862  -113.529    15.000
   46.862  -113.529    15.000
   46.862  -113.529    15.000
   46.862  -113.529    15.000
   58.932  -127.382    15.000
   58.932  -127.382    15.000
   58.932  -127.382    15.000
   58.932  -127.382    15.000
   58.932  -127.382    15.000
   54.839  -118.950    15.000
   54.839  -118.950    15.000
   54.839  -118.950    15.000
   54.839  -118.950    15.000
   54.839  -118.950    15.000
   55.992  -114.767    15.000
   55.992  -114.767    15.000
   55.992  -114.767    15.000
   55.992  -114.767    15.000
   55.992  -114.767    15.000
   58.494  -117.548    15.000
   58.494  -117.548    15.000
   58.494  -117.548    15.000
   58.494  -117.548    15.000
   58.494  -117.548    15.000
   58.556  -117.572    15.000
   58.556  -117.572    15.000
   58.556  -117.572    15.000
   58.556  -117.572    15.000
   58.556  -117.572    15.000
   55.947  -114.659    15.000
   55.947  -114.659    15.000
   55.947  -114.659    15.000
   55.947  -114.659    15.000
   55.947  -114.659    15.000
   59.139  -112.176    15.000
   59.139  -112.176    15.000
   59.139  -112.176    15.000
   59.139  -112.176    15.000
   59.139  -112.176    15.000
   55.995  -114.642    15.000
   55.995  -114.642    15.000
   55.995  -114.642    15.000
   55.995  -114.642    15.000
   55.995  -114.642    15.000
   58.515  -117.799    15.000
   58.515  -117.799    15.000
   58.515  -117.799    15.000
   58.515  -117.799    15.000
   58.515  -117.799    15.000
   57.003  -117.934    15.000
   57.003  -117.934    15.000
   57.003  -117.934    15.000
   57.003  -117.934    15.000
   57.003  -117.934    15.000
   57.063  -117.987    15.000
   57.063  -117.987    15.000
   57.063  -117.987    15.000
   57.063  -117.987    15.000
   57.063  -117.987    15.000
   58.533  -117.296    15.000
   58.533  -117.296    15.000
   58.533  -117.296    15.000
   58.533  -117.296    15.000
   58.533  -117.296    15.000
   55.884  -114.643    15.000
   55.884  -114.643    15.000
   55.884  -114.643    15.000
   55.884  -114.643    15.000
   55.884  -114.643    15.000
   50.464   -97.755    15.000
   50.464   -97.755    15.000
   50.464   -97.755    15.000
   50.464   -97.755    15.000
   50.464   -97.755    15.000
   57.151  -117.915    15.000
   57.151  -117.915    15.000
   57.151  -117.915    15.000
   57.151  -117.915    15.000
   57.151  -117.915    15.000
   59.161  -113.837    15.000
   59.161  -113.837    15.000
   59.161  -113.837    15.000
   59.161  -113.837    15.000
   59.161  -113.837    15.000
   59.158  -113.992    15.000
   59.158  -113.992    15.000
   59.158  -113.992    15.000
   59.158  -113.992    15.000
   59.158  -113.992    15.000
   55.786  -114.496    15.000
   55.786  -114.496    15.000
   55.786  -114.496    15.000
   55.786  -114.496    15.000
   55.786  -114.496    15.000
   56.404  -114.376    15.000
   56.404  -114.376    15.000
   56.404  -114.376    15.000
   56.404  -114.376    15.000
   56.404  -114.376    15.000
   56.426  -114.356    15.000
   56.426  -114.356    15.000
   56.426  -114.356    15.000
   56.426  -114.356    15.000
   56.426  -114.356    15.000
   55.852  -114.554    15.000
   55.852  -114.554    15.000
   55.852  -114.554    15.000
   55.852  -114.554    15.000
   55.852  -114.554    15.000
   55.879  -114.751    15.000
   55.879  -114.751    15.000
   55.879  -114.751    15.000
   55.879  -114.751    15.000
   55.879  -114.751    15.000
   58.484  -117.465    15.000
   58.484  -117.465    15.000
   58.484  -117.465    15.000
   58.484  -117.465    15.000
   58.484  -117.465    15.000
   33.006   -79.892    15.000
   33.006   -79.892    15.000
   33.006   -79.892    15.000
   33.006   -79.892    15.000
   33.006   -79.892    15.000
   46.177   -94.370    15.000
   46.177   -94.370    15.000
   46.177   -94.370    15.000
   46.177   -94.370    15.000
   46.177   -94.370    15.000
   30.779   -88.394    15.000
   30.779   -88.394    15.000
   30.779   -88.394    15.000
   30.779   -88.394    15.000
   30.779   -88.394    15.000
   31.977   -84.742    15.000
   31.977   -84.742    15.000
   31.977   -84.742    15.000
   31.977   -84.742    15.000
   31.977   -84.742    15.000
   32.908   -82.738    15.000
   32.908   -82.738    15.000
   32.908   -82.738    15.000
   32.908   -82.738    15.000
   32.908   -82.738    15.000
   32.909   -83.319    15.000
   32.909   -83.319    15.000
   32.909   -83.319    15.000
   32.909   -83.319    15.000
   32.909   -83.319    15.000
   32.217   -85.845    15.000
   32.217   -85.845    15.000
   32.217   -85.845    15.000
   32.217   -85.845    15.000
   32.217   -85.845    15.000
   30.540   -86.292    15.000
   30.540   -86.292    15.000
   30.540   -86.292    15.000
   30.540   -86.292    15.000
   30.540   -86.292    15.000
   33.502   -88.832    15.000
   33.502   -88.832    15.000
   33.502   -88.832    15.000
   33.502   -88.832    15.000
   33.502   -88.832    15.000
   31.002   -84.604    15.000
   31.002   -84.604    15.000
   31.002   -84.604    15.000
   31.002   -84.604    15.000
   31.002   -84.604    15.000
   32.559   -83.879    15.000
   32.559   -83.879    15.000
   32.559   -83.879    15.000
   32.559   -83.879    15.000
   32.559   -83.879    15.000
   34.549   -82.012    15.000
   34.549   -82.012    15.000
   34.549   -82.012    15.000
   34.549   -82.012    15.000
   34.549   -82.012    15.000
   34.246  -109.745    15.000
   34.246  -109.745    15.000
   34.246  -109.745    15.000
   34.246  -109.745    15.000
   34.246  -109.745    15.000
   26.870   -81.733    15.000
   26.870   -81.733    15.000
   26.870   -81.733    15.000
   26.870   -81.733    15.000
   26.870   -81.733    15.000
   27.582   -81.176    15.000
   27.582   -81.176    15.000
   27.582   -81.176    15.000
   27.582   -81.176    15.000
   27.582   -81.176    15.000
   30.704   -92.582    15.000
   30.704   -92.582    15.000
   30.704   -92.582    15.000
   30.704   -92.582    15.000
   30.704   -92.582    15.000
   27.936   -82.176    15.000
   27.936   -82.176    15.000
   27.936   -82.176    15.000
   27.936   -82.176    15.000
   27.936   -82.176    15.000
   31.698   -84.630    15.000
   31.698   -84.630    15.000
   31.698   -84.630    15.000
   31.698   -84.630    15.000
   31.698   -84.630    15.000
   31.697   -84.017    15.000
   31.697   -84.017    15.000
   31.697   -84.017    15.000
   31.697   -84.017    15.000
   31.697   -84.017    15.000
   31.579   -87.485    15.000
   31.579   -87.485    15.000
   31.579   -87.485    15.000
   31.579   -87.485    15.000
   31.579   -87.485    15.000
   33.478   -87.271    15.000
   33.478   -87.271    15.000
   33.478   -87.271    15.000
   33.478   -87.271    15.000
   33.478   -87.271    15.000
   52.188  -100.208    15.000
   52.188  -100.208    15.000
   52.188  -100.208    15.000
   52.188  -100.208    15.000
   52.188  -100.208    15.000
   52.227  -100.884    15.000
   52.227  -100.884    15.000
   52.227  -100.884    15.000
   52.227  -100.884    15.000
   52.227  -100.884    15.000
   25.659  -107.529    15.000
   25.659  -107.529    15.000
   25.659  -107.529    15.000
   25.659  -107.529    15.000
   25.659  -107.529    15.000
   32.210  -101.931    15.000
   32.210  -101.931    15.000
   32.210  -101.931    15.000
   32.210  -101.931    15.000
   32.210  -101.931    15.000
   50.686  -102.174    15.000
   50.686  -102.174    15.000
   50.686  -102.174    15.000
   50.686  -102.174    15.000
   50.686  -102.174    15.000
   50.869  -104.075    15.000
   50.869  -104.075    15.000
   50.869  -104.075    15.000
   50.869  -104.075    15.000
   50.869  -104.075    15.000
   50.762  -104.539    15.000
   50.762  -104.539    15.000
   50.762  -104.539    15.000
   50.762  -104.539    15.000
   50.762  -104.539    15.000
   51.877  -101.671    15.000
   51.877  -101.671    15.000
   51.877  -101.671    15.000
   51.877  -101.671    15.000
   51.877  -101.671    15.000
   50.631  -102.404    15.000
   50.631  -102.404    15.000
   50.631  -102.404    15.000
   50.631  -102.404    15.000
   50.631  -102.404    15.000
   49.314  -101.643    15.000
   49.314  -101.643    15.000
   49.314  -101.643    15.000
   49.314  -101.643    15.000
   49.314  -101.643    15.000
   49.924  -101.962    15.000
   49.924  -101.962    15.000
   49.924  -101.962    15.000
   49.924  -101.962    15.000
   49.924  -101.962    15.000
   59.233  -111.997    15.000
   59.233  -111.997    15.000
   59.233  -111.997    15.000
   59.233  -111.997    15.000
   59.233  -111.997    15.000
   46.947   -95.874    15.000
   46.947   -95.874    15.000
   46.947   -95.874    15.000
   46.947   -95.874    15.000
   46.947   -95.874    15.000
   47.796   -95.775    15.000
   47.796   -95.775    15.000
   47.796   -95.775    15.000
   47.796   -95.775    15.000
   47.796   -95.775    15.000
   45.334   -96.377    15.000
   45.334   -96.377    15.000
   45.334   -96.377    15.000
   45.334   -96.377    15.000
   45.334   -96.377    15.000
   48.915   -96.159    15.000
   48.915   -96.159    15.000
   48.915   -96.159    15.000
   48.915   -96.159    15.000
   48.915   -96.159    15.000
   48.616  -101.880    15.000
   48.616  -101.880    15.000
   48.616  -101.880    15.000
   48.616  -101.880    15.000
   48.616  -101.880    15.000
   31.416   -84.116    15.000
   31.416   -84.116    15.000
   31.416   -84.116    15.000
   31.416   -84.116    15.000
   31.416   -84.116    15.000
   36.013   -90.992    15.000
   36.013   -90.992    15.000
   36.013   -90.992    15.000
   36.013   -90.992    15.000
   36.013   -90.992    15.000
   25.490  -107.473    15.000
   25.490  -107.473    15.000
   25.490  -107.473    15.000
   25.490  -107.473    15.000
   25.490  -107.473    15.000
   25.527  -107.626    15.000
   25.527  -107.626    15.000
   25.527  -107.626    15.000
   25.527  -107.626    15.000
   25.527  -107.626    15.000
   26.202  -107.784    15.000
   26.202  -107.784    15.000
   26.202  -107.784    15.000
   26.202  -107.784    15.000
   26.202  -107.784    15.000
   26.685  -107.508    15.000
   26.685  -107.508    15.000
   26.685  -107.508    15.000
   26.685  -107.508    15.000
   26.685  -107.508    15.000
   25.479  -106.852    15.000
   25.479  -106.852    15.000
   25.479  -106.852    15.000
   25.479  -106.852    15.000
   25.479  -106.852    15.000
   25.270  -106.699    15.000
   25.270  -106.699    15.000
   25.270  -106.699    15.000
   25.270  -106.699    15.000
   25.270  -106.699    15.000
   25.407  -107.270    15.000
   25.407  -107.270    15.000
   25.407  -107.270    15.000
   25.407  -107.270    15.000
   25.407  -107.270    15.000
   26.467  -106.932    15.000
   26.467  -106.932    15.000
   26.467  -106.932    15.000
   26.467  -106.932    15.000
   26.467  -106.932    15.000
   26.484  -107.336    15.000
   26.484  -107.336    15.000
   26.484  -107.336    15.000
   26.484  -107.336    15.000
   26.484  -107.336    15.000
   30.840   -84.692    15.000
   30.840   -84.692    15.000
   30.840   -84.692    15.000
   30.840   -84.692    15.000
   30.840   -84.692    15.000
   31.921   -82.483    15.000
   31.921   -82.483    15.000
   31.921   -82.483    15.000
   31.921   -82.483    15.000
   31.921   -82.483    15.000
   48.957  -108.665    15.000
   48.957  -108.665    15.000
   48.957  -108.665    15.000
   48.957  -108.665    15.000
   48.957  -108.665    15.000
   37.672   -86.990    15.000
   37.672   -86.990    15.000
   37.672   -86.990    15.000
   37.672   -86.990    15.000
   37.672   -86.990    15.000
   36.906   -89.576    15.000
   36.906   -89.576    15.000
   36.906   -89.576    15.000
   36.906   -89.576    15.000
   36.906   -89.576    15.000
   38.379   -89.374    15.000
   38.379   -89.374    15.000
   38.379   -89.374    15.000
   38.379   -89.374    15.000
   38.379   -89.374    15.000
   30.879   -87.463    15.000
   30.879   -87.463    15.000
   30.879   -87.463    15.000
   30.879   -87.463    15.000
   30.879   -87.463    15.000
   50.973  -102.314    15.000
   50.973  -102.314    15.000
   50.973  -102.314    15.000
   50.973  -102.314    15.000
   50.973  -102.314    15.000
   50.045  -102.785    15.000
   50.045  -102.785    15.000
   50.045  -102.785    15.000
   50.045  -102.785    15.000
   50.045  -102.785    15.000
   49.399  -102.988    15.000
   49.399  -102.988    15.000
   49.399  -102.988    15.000
   49.399  -102.988    15.000
   49.399  -102.988    15.000
   50.678  -105.820    15.000
   50.678  -105.820    15.000
   50.678  -105.820    15.000
   50.678  -105.820    15.000
   50.678  -105.820    15.000
   53.718  -110.037    15.000
   53.718  -110.037    15.000
   53.718  -110.037    15.000
   53.718  -110.037    15.000
   53.718  -110.037    15.000
   48.523   -99.413    15.000
   48.523   -99.413    15.000
   48.523   -99.413    15.000
   48.523   -99.413    15.000
   48.523   -99.413    15.000
   48.549   -98.530    15.000
   48.549   -98.530    15.000
   48.549   -98.530    15.000
   48.549   -98.530    15.000
   48.549   -98.530    15.000
   47.488   -99.444    15.000
   47.488   -99.444    15.000
   47.488   -99.444    15.000
   47.488   -99.444    15.000
   47.488   -99.444    15.000
   48.346   -98.869    15.000
   48.346   -98.869    15.000
   48.346   -98.869    15.000
   48.346   -98.869    15.000
   48.346   -98.869    15.000
   47.744  -100.709    15.000
   47.744  -100.709    15.000
   47.744  -100.709    15.000
   47.744  -100.709    15.000
   47.744  -100.709    15.000
   48.438  -101.945    15.000
   48.438  -101.945    15.000
   48.438  -101.945    15.000
   48.438  -101.945    15.000
   48.438  -101.945    15.000
   48.771  -103.282    15.000
   48.771  -103.282    15.000
   48.771  -103.282    15.000
   48.771  -103.282    15.000
   48.771  -103.282    15.000
   35.930   -86.539    15.000
   35.930   -86.539    15.000
   35.930   -86.539    15.000
   35.930   -86.539    15.000
   35.930   -86.539    15.000
   36.594   -86.592    15.000
   36.594   -86.592    15.000
   36.594   -86.592    15.000
   36.594   -86.592    15.000
   36.594   -86.592    15.000
   35.964   -80.461    15.000
   35.964   -80.461    15.000
   35.964   -80.461    15.000
   35.964   -80.461    15.000
   35.964   -80.461    15.000
   36.222   -80.585    15.000
   36.222   -80.585    15.000
   36.222   -80.585    15.000
   36.222   -80.585    15.000
   36.222   -80.585    15.000
   31.661   -89.176    15.000
   31.661   -89.176    15.000
   31.661   -89.176    15.000
   31.661   -89.176    15.000
   31.661   -89.176    15.000
   33.547  -108.010    15.000
   33.547  -108.010    15.000
   33.547  -108.010    15.000
   33.547  -108.010    15.000
   33.547  -108.010    15.000
   29.559   -82.811    15.000
   29.559   -82.811    15.000
   29.559   -82.811    15.000
   29.559   -82.811    15.000
   29.559   -82.811    15.000
   45.580   -96.063    15.000
   45.580   -96.063    15.000
   45.580   -96.063    15.000
   45.580   -96.063    15.000
   45.580   -96.063    15.000
   48.742   -99.251    15.000
   48.742   -99.251    15.000
   48.742   -99.251    15.000
   48.742   -99.251    15.000
   48.742   -99.251    15.000
   48.756   -98.642    15.000
   48.756   -98.642    15.000
   48.756   -98.642    15.000
   48.756   -98.642    15.000
   48.756   -98.642    15.000
   40.234   -77.114    15.000
   40.234   -77.114    15.000
   40.234   -77.114    15.000
   40.234   -77.114    15.000
   40.234   -77.114    15.000
   48.728  -101.107    15.000
   48.728  -101.107    15.000
   48.728  -101.107    15.000
   48.728  -101.107    15.000
   48.728  -101.107    15.000
   33.534  -108.029    15.000
   33.534  -108.029    15.000
   33.534  -108.029    15.000
   33.534  -108.029    15.000
   33.534  -108.029    15.000
   36.748  -108.469    15.000
   36.748  -108.469    15.000
   36.748  -108.469    15.000
   36.748  -108.469    15.000
   36.748  -108.469    15.000
   29.444  -100.083    15.000
   29.444  -100.083    15.000
   29.444  -100.083    15.000
   29.444  -100.083    15.000
   29.444  -100.083    15.000
   34.456   -82.681    15.000
   34.456   -82.681    15.000
   34.456   -82.681    15.000
   34.456   -82.681    15.000
   34.456   -82.681    15.000
   35.304  -111.382    15.000
   35.304  -111.382    15.000
   35.304  -111.382    15.000
   35.304  -111.382    15.000
   35.304  -111.382    15.000
   30.977   -88.066    15.000
   30.977   -88.066    15.000
   30.977   -88.066    15.000
   30.977   -88.066    15.000
   30.977   -88.066    15.000
   47.522   -97.447    15.000
   47.522   -97.447    15.000
   47.522   -97.447    15.000
   47.522   -97.447    15.000
   47.522   -97.447    15.000
   26.479   -80.180    15.000
   26.479   -80.180    15.000
   26.479   -80.180    15.000
   26.479   -80.180    15.000
   26.479   -80.180    15.000
   26.580   -80.587    15.000
   26.580   -80.587    15.000
   26.580   -80.587    15.000
   26.580   -80.587    15.000
   26.580   -80.587    15.000
   27.052   -81.506    15.000
   27.052   -81.506    15.000
   27.052   -81.506    15.000
   27.052   -81.506    15.000
   27.052   -81.506    15.000
   49.390   -98.518    15.000
   49.390   -98.518    15.000
   49.390   -98.518    15.000
   49.390   -98.518    15.000
   49.390   -98.518    15.000
   50.375  -100.347    15.000
   50.375  -100.347    15.000
   50.375  -100.347    15.000
   50.375  -100.347    15.000
   50.375  -100.347    15.000
   50.244   -98.600    15.000
   50.244   -98.600    15.000
   50.244   -98.600    15.000
   50.244   -98.600    15.000
   50.244   -98.600    15.000
   49.330  -100.425    15.000
   49.330  -100.425    15.000
   49.330  -100.425    15.000
   49.330  -100.425    15.000
   49.330  -100.425    15.000
   50.266  -100.589    15.000
   50.266  -100.589    15.000
   50.266  -100.589    15.000
   50.266  -100.589    15.000
   50.266  -100.589    15.000
   50.420  -102.562    15.000
   50.420  -102.562    15.000
   50.420  -102.562    15.000
   50.420  -102.562    15.000
   50.420  -102.562    15.000
   50.771  -101.132    15.000
   50.771  -101.132    15.000
   50.771  -101.132    15.000
   50.771  -101.132    15.000
   50.771  -101.132    15.000
   33.194   -81.402    15.000
   33.194   -81.402    15.000
   33.194   -81.402    15.000
   33.194   -81.402    15.000
   33.194   -81.402    15.000
   30.284   -95.575    15.000
   30.284   -95.575    15.000
   30.284   -95.575    15.000
   30.284   -95.575    15.000
   30.284   -95.575    15.000
   48.484  -101.577    15.000
   48.484  -101.577    15.000
   48.484  -101.577    15.000
   48.484  -101.577    15.000
   48.484  -101.577    15.000
   33.584  -102.356    15.000
   33.584  -102.356    15.000
   33.584  -102.356    15.000
   33.584  -102.356    15.000
   33.584  -102.356    15.000
   35.206  -101.718    15.000
   35.206  -101.718    15.000
   35.206  -101.718    15.000
   35.206  -101.718    15.000
   35.206  -101.718    15.000
   34.444   -77.697    15.000
   34.444   -77.697    15.000
   34.444   -77.697    15.000
   34.444   -77.697    15.000
   34.444   -77.697    15.000
   35.477   -82.580    15.000
   35.477   -82.580    15.000
   35.477   -82.580    15.000
   35.477   -82.580    15.000
   35.477   -82.580    15.000
   25.599  -107.651    15.000
   25.599  -107.651    15.000
   25.599  -107.651    15.000
   25.599  -107.651    15.000
   25.599  -107.651    15.000
   25.715  -106.936    15.000
   25.715  -106.936    15.000
   25.715  -106.936    15.000
   25.715  -106.936    15.000
   25.715  -106.936    15.000
   26.667  -107.844    15.000
   26.667  -107.844    15.000
   26.667  -107.844    15.000
   26.667  -107.844    15.000
   26.667  -107.844    15.000
   26.641  -108.094    15.000
   26.641  -108.094    15.000
   26.641  -108.094    15.000
   26.641  -108.094    15.000
   26.641  -108.094    15.000
   25.375  -107.576    15.000
   25.375  -107.576    15.000
   25.375  -107.576    15.000
   25.375  -107.576    15.000
   25.375  -107.576    15.000
   58.263  -130.864    15.000
   58.263  -130.864    15.000
   58.263  -130.864    15.000
   58.263  -130.864    15.000
   58.263  -130.864    15.000
   55.731  -114.595    15.000
   55.731  -114.595    15.000
   55.731  -114.595    15.000
   55.731  -114.595    15.000
   55.731  -114.595    15.000
   55.783  -114.651    15.000
   55.783  -114.651    15.000
   55.783  -114.651    15.000
   55.783  -114.651    15.000
   55.783  -114.651    15.000
   54.051  -118.259    15.000
   54.051  -118.259    15.000
   54.051  -118.259    15.000
   54.051  -118.259    15.000
   54.051  -118.259    15.000
   56.415  -120.734    15.000
   56.415  -120.734    15.000
   56.415  -120.734    15.000
   56.415  -120.734    15.000
   56.415  -120.734    15.000
   51.772  -105.925    15.000
   51.772  -105.925    15.000
   51.772  -105.925    15.000
   51.772  -105.925    15.000
   51.772  -105.925    15.000
   51.219  -101.768    15.000
   51.219  -101.768    15.000
   51.219  -101.768    15.000
   51.219  -101.768    15.000
   51.219  -101.768    15.000
   51.965  -102.852    15.000
   51.965  -102.852    15.000
   51.965  -102.852    15.000
   51.965  -102.852    15.000
   51.965  -102.852    15.000
   50.547  -105.656    15.000
   50.547  -105.656    15.000
   50.547  -105.656    15.000
   50.547  -105.656    15.000
   50.547  -105.656    15.000
   50.936  -102.592    15.000
   50.936  -102.592    15.000
   50.936  -102.592    15.000
   50.936  -102.592    15.000
   50.936  -102.592    15.000
   51.403   -99.992    15.000
   51.403   -99.992    15.000
   51.403   -99.992    15.000
   51.403   -99.992    15.000
   51.403   -99.992    15.000
   49.237   -99.517    15.000
   49.237   -99.517    15.000
   49.237   -99.517    15.000
   49.237   -99.517    15.000
   49.237   -99.517    15.000
   35.865   -80.784    15.000
   35.865   -80.784    15.000
   35.865   -80.784    15.000
   35.865   -80.784    15.000
   35.865   -80.784    15.000
   48.758  -103.547    15.000
   48.758  -103.547    15.000
   48.758  -103.547    15.000
   48.758  -103.547    15.000
   48.758  -103.547    15.000
   48.894  -101.257    15.000
   48.894  -101.257    15.000
   48.894  -101.257    15.000
   48.894  -101.257    15.000
   48.894  -101.257    15.000
   32.155  -101.934    15.000
   32.155  -101.934    15.000
   32.155  -101.934    15.000
   32.155  -101.934    15.000
   32.155  -101.934    15.000
   26.123  -109.089    15.000
   26.123  -109.089    15.000
   26.123  -109.089    15.000
   26.123  -109.089    15.000
   26.123  -109.089    15.000
   27.534  -110.178    15.000
   27.534  -110.178    15.000
   27.534  -110.178    15.000
   27.534  -110.178    15.000
   27.534  -110.178    15.000
   31.565  -106.382    15.000
   31.565  -106.382    15.000
   31.565  -106.382    15.000
   31.565  -106.382    15.000
   31.565  -106.382    15.000
   26.437  -109.025    15.000
   26.437  -109.025    15.000
   26.437  -109.025    15.000
   26.437  -109.025    15.000
   26.437  -109.025    15.000
   34.792   -79.869    15.000
   34.792   -79.869    15.000
   34.792   -79.869    15.000
   34.792   -79.869    15.000
   34.792   -79.869    15.000
   55.919  -114.784    15.000
   55.919  -114.784    15.000
   55.919  -114.784    15.000
   55.919  -114.784    15.000
   55.919  -114.784    15.000
   56.050  -114.535    15.000
   56.050  -114.535    15.000
   56.050  -114.535    15.000
   56.050  -114.535    15.000
   56.050  -114.535    15.000
   56.030  -114.565    15.000
   56.030  -114.565    15.000
   56.030  -114.565    15.000
   56.030  -114.565    15.000
   56.030  -114.565    15.000
   55.990  -114.540    15.000
   55.990  -114.540    15.000
   55.990  -114.540    15.000
   55.990  -114.540    15.000
   55.990  -114.540    15.000
   55.720  -114.480    15.000
   55.720  -114.480    15.000
   55.720  -114.480    15.000
   55.720  -114.480    15.000
   55.720  -114.480    15.000
   55.920  -114.540    15.000
   55.920  -114.540    15.000
   55.920  -114.540    15.000
   55.920  -114.540    15.000
   55.920  -114.540    15.000
   56.000  -114.635    15.000
   56.000  -114.635    15.000
   56.000  -114.635    15.000
   56.000  -114.635    15.000
   56.000  -114.635    15.000
   57.070  -118.130    15.000
   57.070  -118.130    15.000
   57.070  -118.130    15.000
   57.070  -118.130    15.000
   57.070  -118.130    15.000
   58.364  -117.627    15.000
   58.364  -117.627    15.000
   58.364  -117.627    15.000
   58.364  -117.627    15.000
   58.364  -117.627    15.000
   58.350  -117.670    15.000
   58.350  -117.670    15.000
   58.350  -117.670    15.000
   58.350  -117.670    15.000
   58.350  -117.670    15.000
   59.863  -124.274    15.000
   59.863  -124.274    15.000
   59.863  -124.274    15.000
   59.863  -124.274    15.000
   59.863  -124.274    15.000
   58.260  -117.520    15.000
   58.260  -117.520    15.000
   58.260  -117.520    15.000
   58.260  -117.520    15.000
   58.260  -117.520    15.000
   58.290  -117.580    15.000
   58.290  -117.580    15.000
   58.290  -117.580    15.000
   58.290  -117.580    15.000
   58.290  -117.580    15.000
   58.427  -117.693    15.000
   58.427  -117.693    15.000
   58.427  -117.693    15.000
   58.427  -117.693    15.000
   58.427  -117.693    15.000
   58.390  -117.750    15.000
   58.390  -117.750    15.000
   58.390  -117.750    15.000
   58.390  -117.750    15.000
   58.390  -117.750    15.000
   58.602  -117.908    15.000
   58.602  -117.908    15.000
   58.602  -117.908    15.000
   58.602  -117.908    15.000
   58.602  -117.908    15.000
   58.550  -117.830    15.000
   58.550  -117.830    15.000
   58.550  -117.830    15.000
   58.550  -117.830    15.000
   58.550  -117.830    15.000
   58.470  -117.760    15.000
   58.470  -117.760    15.000
   58.470  -117.760    15.000
   58.470  -117.760    15.000
   58.470  -117.760    15.000
   58.470  -117.700    15.000
   58.470  -117.700    15.000
   58.470  -117.700    15.000
   58.470  -117.700    15.000
   58.470  -117.700    15.000
   58.630  -117.940    15.000
   58.630  -117.940    15.000
   58.630  -117.940    15.000
   58.630  -117.940    15.000
   58.630  -117.940    15.000
   59.180  -112.230    15.000
   59.180  -112.230    15.000
   59.180  -112.230    15.000
   59.180  -112.230    15.000
   59.180  -112.230    15.000
   58.318  -117.666    15.000
   58.318  -117.666    15.000
   58.318  -117.666    15.000
   58.318  -117.666    15.000
   58.318  -117.666    15.000
   58.240  -117.570    15.000
   58.240  -117.570    15.000
   58.240  -117.570    15.000
   58.240  -117.570    15.000
   58.240  -117.570    15.000
   58.510  -117.750    15.000
   58.510  -117.750    15.000
   58.510  -117.750    15.000
   58.510  -117.750    15.000
   58.510  -117.750    15.000
   55.825  -114.435    15.000
   55.825  -114.435    15.000
   55.825  -114.435    15.000
   55.825  -114.435    15.000
   55.825  -114.435    15.000
   59.250  -112.310    15.000
   59.250  -112.310    15.000
   59.250  -112.310    15.000
   59.250  -112.310    15.000
   59.250  -112.310    15.000
   35.676   -85.225    15.000
   35.676   -85.225    15.000
   35.676   -85.225    15.000
   35.676   -85.225    15.000
   35.676   -85.225    15.000
   59.257  -112.546    15.000
   59.257  -112.546    15.000
   59.257  -112.546    15.000
   59.257  -112.546    15.000
   59.257  -112.546    15.000
   59.351  -112.319    15.000
   59.351  -112.319    15.000
   59.351  -112.319    15.000
   59.351  -112.319    15.000
   59.351  -112.319    15.000
   59.272  -112.476    15.000
   59.272  -112.476    15.000
   59.272  -112.476    15.000
   59.272  -112.476    15.000
   59.272  -112.476    15.000
   59.293  -112.415    15.000
   59.293  -112.415    15.000
   59.293  -112.415    15.000
   59.293  -112.415    15.000
   59.293  -112.415    15.000
   59.208  -112.569    15.000
   59.208  -112.569    15.000
   59.208  -112.569    15.000
   59.208  -112.569    15.000
   59.208  -112.569    15.000
   59.194  -112.366    15.000
   59.194  -112.366    15.000
   59.194  -112.366    15.000
   59.194  -112.366    15.000
   59.194  -112.366    15.000
   59.330  -112.379    15.000
   59.330  -112.379    15.000
   59.330  -112.379    15.000
   59.330  -112.379    15.000
   59.330  -112.379    15.000
   59.245  -112.621    15.000
   59.245  -112.621    15.000
   59.245  -112.621    15.000
   59.245  -112.621    15.000
   59.245  -112.621    15.000
   55.944  -114.312    15.000
   55.944  -114.312    15.000
   55.944  -114.312    15.000
   55.944  -114.312    15.000
   55.944  -114.312    15.000
   55.933  -114.394    15.000
   55.933  -114.394    15.000
   55.933  -114.394    15.000
   55.933  -114.394    15.000
   55.933  -114.394    15.000
   57.120  -118.010    15.000
   57.120  -118.010    15.000
   57.120  -118.010    15.000
   57.120  -118.010    15.000
   57.120  -118.010    15.000
   56.000  -114.455    15.000
   56.000  -114.455    15.000
   56.000  -114.455    15.000
   56.000  -114.455    15.000
   56.000  -114.455    15.000
   56.015  -114.415    15.000
   56.015  -114.415    15.000
   56.015  -114.415    15.000
   56.015  -114.415    15.000
   56.015  -114.415    15.000
   49.920  -101.970    15.000
   49.920  -101.970    15.000
   49.920  -101.970    15.000
   49.920  -101.970    15.000
   49.920  -101.970    15.000
   55.974  -114.499    15.000
   55.974  -114.499    15.000
   55.974  -114.499    15.000
   55.974  -114.499    15.000
   55.974  -114.499    15.000
   55.820  -114.640    15.000
   55.820  -114.640    15.000
   55.820  -114.640    15.000
   55.820  -114.640    15.000
   55.820  -114.640    15.000
   57.210  -117.980    15.000
   57.210  -117.980    15.000
   57.210  -117.980    15.000
   57.210  -117.980    15.000
   57.210  -117.980    15.000
   57.220  -117.840    15.000
   57.220  -117.840    15.000
   57.220  -117.840    15.000
   57.220  -117.840    15.000
   57.220  -117.840    15.000
   57.230  -117.910    15.000
   57.230  -117.910    15.000
   57.230  -117.910    15.000
   57.230  -117.910    15.000
   57.230  -117.910    15.000
   57.150  -118.110    15.000
   57.150  -118.110    15.000
   57.150  -118.110    15.000
   57.150  -118.110    15.000
   57.150  -118.110    15.000
   57.210  -117.870    15.000
   57.210  -117.870    15.000
   57.210  -117.870    15.000
   57.210  -117.870    15.000
   57.210  -117.870    15.000
   56.990  -117.890    15.000
   56.990  -117.890    15.000
   56.990  -117.890    15.000
   56.990  -117.890    15.000
   56.990  -117.890    15.000
   56.980  -117.930    15.000
   56.980  -117.930    15.000
   56.980  -117.930    15.000
   56.980  -117.930    15.000
   56.980  -117.930    15.000
   57.070  -117.970    15.000
   57.070  -117.970    15.000
   57.070  -117.970    15.000
   57.070  -117.970    15.000
   57.070  -117.970    15.000
   55.000   -98.500    15.000
   55.000   -98.500    15.000
   55.000   -98.500    15.000
   55.000   -98.500    15.000
   55.000   -98.500    15.000
0024
0
  10000.0
1
./
ERA5-20190529-00-casestudy-31km.arl
1
PM25
0.001
    24.000
19 05 29 00 00
1
   55.000   -98.500
    0.100     0.100
   30.000    92.000
./
hysplit.con
1
10
19 05 29 00 00
19 05 30 00 00
0 1 0
1
1 1 1
0 0 0 0 0
0 0 0
0
0.0
