19 05 31 00
2260
   62.974  -140.988    15.000
   62.974  -140.988    15.000
   62.974  -140.988    15.000
   62.974  -140.988    15.000
   62.974  -140.988    15.000
   60.824  -137.645    15.000
   60.824  -137.645    15.000
   60.824  -137.645    15.000
   60.824  -137.645    15.000
   60.824  -137.645    15.000
   63.902  -146.099    15.000
   63.902  -146.099    15.000
   63.902  -146.099    15.000
   63.902  -146.099    15.000
   63.902  -146.099    15.000
   64.880  -151.154    15.000
   64.880  -151.154    15.000
   64.880  -151.154    15.000
   64.880  -151.154    15.000
   64.880  -151.154    15.000
   64.039  -146.172    15.000
   64.039  -146.172    15.000
   64.039  -146.172    15.000
   64.039  -146.172    15.000
   64.039  -146.172    15.000
   63.936  -146.114    15.000
   63.936  -146.114    15.000
   63.936  -146.114    15.000
   63.936  -146.114    15.000
   63.936  -146.114    15.000
   64.006  -146.181    15.000
   64.006  -146.181    15.000
   64.006  -146.181    15.000
   64.006  -146.181    15.000
   64.006  -146.181    15.000
   59.863  -124.230    15.000
   59.863  -124.230    15.000
   59.863  -124.230    15.000
   59.863  -124.230    15.000
   59.863  -124.230    15.000
   60.684  -120.245    15.000
   60.684  -120.245    15.000
   60.684  -120.245    15.000
   60.684  -120.245    15.000
   60.684  -120.245    15.000
   60.312  -126.184    15.000
   60.312  -126.184    15.000
   60.312  -126.184    15.000
   60.312  -126.184    15.000
   60.312  -126.184    15.000
   60.316  -126.161    15.000
   60.316  -126.161    15.000
   60.316  -126.161    15.000
   60.316  -126.161    15.000
   60.316  -126.161    15.000
   59.567  -128.633    15.000
   59.567  -128.633    15.000
   59.567  -128.633    15.000
   59.567  -128.633    15.000
   59.567  -128.633    15.000
   59.828  -124.128    15.000
   59.828  -124.128    15.000
   59.828  -124.128    15.000
   59.828  -124.128    15.000
   59.828  -124.128    15.000
   60.634  -120.310    15.000
   60.634  -120.310    15.000
   60.634  -120.310    15.000
   60.634  -120.310    15.000
   60.634  -120.310    15.000
   58.931  -127.387    15.000
   58.931  -127.387    15.000
   58.931  -127.387    15.000
   58.931  -127.387    15.000
   58.931  -127.387    15.000
   58.986  -127.397    15.000
   58.986  -127.397    15.000
   58.986  -127.397    15.000
   58.986  -127.397    15.000
   58.986  -127.397    15.000
   55.693  -127.785    15.000
   55.693  -127.785    15.000
   55.693  -127.785    15.000
   55.693  -127.785    15.000
   55.693  -127.785    15.000
   58.920  -127.439    15.000
   58.920  -127.439    15.000
   58.920  -127.439    15.000
   58.920  -127.439    15.000
   58.920  -127.439    15.000
   51.773   -93.895    15.000
   51.773   -93.895    15.000
   51.773   -93.895    15.000
   51.773   -93.895    15.000
   51.773   -93.895    15.000
   58.058  -117.183    15.000
   58.058  -117.183    15.000
   58.058  -117.183    15.000
   58.058  -117.183    15.000
   58.058  -117.183    15.000
   58.027  -117.411    15.000
   58.027  -117.411    15.000
   58.027  -117.411    15.000
   58.027  -117.411    15.000
   58.027  -117.411    15.000
   57.936  -117.360    15.000
   57.936  -117.360    15.000
   57.936  -117.360    15.000
   57.936  -117.360    15.000
   57.936  -117.360    15.000
   55.751  -114.254    15.000
   55.751  -114.254    15.000
   55.751  -114.254    15.000
   55.751  -114.254    15.000
   55.751  -114.254    15.000
   57.982  -117.093    15.000
   57.982  -117.093    15.000
   57.982  -117.093    15.000
   57.982  -117.093    15.000
   57.982  -117.093    15.000
   57.994  -117.041    15.000
   57.994  -117.041    15.000
   57.994  -117.041    15.000
   57.994  -117.041    15.000
   57.994  -117.041    15.000
   57.936  -117.115    15.000
   57.936  -117.115    15.000
   57.936  -117.115    15.000
   57.936  -117.115    15.000
   57.936  -117.115    15.000
   57.921  -117.235    15.000
   57.921  -117.235    15.000
   57.921  -117.235    15.000
   57.921  -117.235    15.000
   57.921  -117.235    15.000
   55.816  -114.235    15.000
   55.816  -114.235    15.000
   55.816  -114.235    15.000
   55.816  -114.235    15.000
   55.816  -114.235    15.000
   55.766  -114.351    15.000
   55.766  -114.351    15.000
   55.766  -114.351    15.000
   55.766  -114.351    15.000
   55.766  -114.351    15.000
   57.987  -117.344    15.000
   57.987  -117.344    15.000
   57.987  -117.344    15.000
   57.987  -117.344    15.000
   57.987  -117.344    15.000
   57.962  -117.180    15.000
   57.962  -117.180    15.000
   57.962  -117.180    15.000
   57.962  -117.180    15.000
   57.962  -117.180    15.000
   57.109  -117.750    15.000
   57.109  -117.750    15.000
   57.109  -117.750    15.000
   57.109  -117.750    15.000
   57.109  -117.750    15.000
   56.182  -114.308    15.000
   56.182  -114.308    15.000
   56.182  -114.308    15.000
   56.182  -114.308    15.000
   56.182  -114.308    15.000
   55.755  -114.135    15.000
   55.755  -114.135    15.000
   55.755  -114.135    15.000
   55.755  -114.135    15.000
   55.755  -114.135    15.000
   58.033  -117.394    15.000
   58.033  -117.394    15.000
   58.033  -117.394    15.000
   58.033  -117.394    15.000
   58.033  -117.394    15.000
   59.124  -112.162    15.000
   59.124  -112.162    15.000
   59.124  -112.162    15.000
   59.124  -112.162    15.000
   59.124  -112.162    15.000
   59.096  -112.137    15.000
   59.096  -112.137    15.000
   59.096  -112.137    15.000
   59.096  -112.137    15.000
   59.096  -112.137    15.000
   59.189  -112.500    15.000
   59.189  -112.500    15.000
   59.189  -112.500    15.000
   59.189  -112.500    15.000
   59.189  -112.500    15.000
   59.213  -112.496    15.000
   59.213  -112.496    15.000
   59.213  -112.496    15.000
   59.213  -112.496    15.000
   59.213  -112.496    15.000
   59.233  -112.555    15.000
   59.233  -112.555    15.000
   59.233  -112.555    15.000
   59.233  -112.555    15.000
   59.233  -112.555    15.000
   55.667  -114.334    15.000
   55.667  -114.334    15.000
   55.667  -114.334    15.000
   55.667  -114.334    15.000
   55.667  -114.334    15.000
   59.340  -112.356    15.000
   59.340  -112.356    15.000
   59.340  -112.356    15.000
   59.340  -112.356    15.000
   59.340  -112.356    15.000
   51.917  -103.130    15.000
   51.917  -103.130    15.000
   51.917  -103.130    15.000
   51.917  -103.130    15.000
   51.917  -103.130    15.000
   60.298  -126.103    15.000
   60.298  -126.103    15.000
   60.298  -126.103    15.000
   60.298  -126.103    15.000
   60.298  -126.103    15.000
   58.232  -117.619    15.000
   58.232  -117.619    15.000
   58.232  -117.619    15.000
   58.232  -117.619    15.000
   58.232  -117.619    15.000
   58.171  -117.557    15.000
   58.171  -117.557    15.000
   58.171  -117.557    15.000
   58.171  -117.557    15.000
   58.171  -117.557    15.000
   56.008  -114.681    15.000
   56.008  -114.681    15.000
   56.008  -114.681    15.000
   56.008  -114.681    15.000
   56.008  -114.681    15.000
   55.711  -114.435    15.000
   55.711  -114.435    15.000
   55.711  -114.435    15.000
   55.711  -114.435    15.000
   55.711  -114.435    15.000
   58.160  -117.293    15.000
   58.160  -117.293    15.000
   58.160  -117.293    15.000
   58.160  -117.293    15.000
   58.160  -117.293    15.000
   58.114  -117.239    15.000
   58.114  -117.239    15.000
   58.114  -117.239    15.000
   58.114  -117.239    15.000
   58.114  -117.239    15.000
   58.634  -117.639    15.000
   58.634  -117.639    15.000
   58.634  -117.639    15.000
   58.634  -117.639    15.000
   58.634  -117.639    15.000
   48.228   -95.488    15.000
   48.228   -95.488    15.000
   48.228   -95.488    15.000
   48.228   -95.488    15.000
   48.228   -95.488    15.000
   33.718  -114.520    15.000
   33.718  -114.520    15.000
   33.718  -114.520    15.000
   33.718  -114.520    15.000
   33.718  -114.520    15.000
   37.350   -96.339    15.000
   37.350   -96.339    15.000
   37.350   -96.339    15.000
   37.350   -96.339    15.000
   37.350   -96.339    15.000
   56.066  -114.405    15.000
   56.066  -114.405    15.000
   56.066  -114.405    15.000
   56.066  -114.405    15.000
   56.066  -114.405    15.000
   33.573  -116.146    15.000
   33.573  -116.146    15.000
   33.573  -116.146    15.000
   33.573  -116.146    15.000
   33.573  -116.146    15.000
   59.162  -112.493    15.000
   59.162  -112.493    15.000
   59.162  -112.493    15.000
   59.162  -112.493    15.000
   59.162  -112.493    15.000
   59.532  -117.093    15.000
   59.532  -117.093    15.000
   59.532  -117.093    15.000
   59.532  -117.093    15.000
   59.532  -117.093    15.000
   59.559  -117.114    15.000
   59.559  -117.114    15.000
   59.559  -117.114    15.000
   59.559  -117.114    15.000
   59.559  -117.114    15.000
   45.284   -95.535    15.000
   45.284   -95.535    15.000
   45.284   -95.535    15.000
   45.284   -95.535    15.000
   45.284   -95.535    15.000
   26.126  -102.823    15.000
   26.126  -102.823    15.000
   26.126  -102.823    15.000
   26.126  -102.823    15.000
   26.126  -102.823    15.000
   26.888  -101.452    15.000
   26.888  -101.452    15.000
   26.888  -101.452    15.000
   26.888  -101.452    15.000
   26.888  -101.452    15.000
   55.930  -114.217    15.000
   55.930  -114.217    15.000
   55.930  -114.217    15.000
   55.930  -114.217    15.000
   55.930  -114.217    15.000
   55.964  -114.149    15.000
   55.964  -114.149    15.000
   55.964  -114.149    15.000
   55.964  -114.149    15.000
   55.964  -114.149    15.000
   56.316  -114.242    15.000
   56.316  -114.242    15.000
   56.316  -114.242    15.000
   56.316  -114.242    15.000
   56.316  -114.242    15.000
   45.997   -96.964    15.000
   45.997   -96.964    15.000
   45.997   -96.964    15.000
   45.997   -96.964    15.000
   45.997   -96.964    15.000
   46.334   -98.827    15.000
   46.334   -98.827    15.000
   46.334   -98.827    15.000
   46.334   -98.827    15.000
   46.334   -98.827    15.000
   55.991  -114.420    15.000
   55.991  -114.420    15.000
   55.991  -114.420    15.000
   55.991  -114.420    15.000
   55.991  -114.420    15.000
   62.991  -141.010    15.000
   62.991  -141.010    15.000
   62.991  -141.010    15.000
   62.991  -141.010    15.000
   62.991  -141.010    15.000
   55.931  -114.345    15.000
   55.931  -114.345    15.000
   55.931  -114.345    15.000
   55.931  -114.345    15.000
   55.931  -114.345    15.000
   56.000  -114.470    15.000
   56.000  -114.470    15.000
   56.000  -114.470    15.000
   56.000  -114.470    15.000
   56.000  -114.470    15.000
   58.636  -117.925    15.000
   58.636  -117.925    15.000
   58.636  -117.925    15.000
   58.636  -117.925    15.000
   58.636  -117.925    15.000
   55.918  -114.793    15.000
   55.918  -114.793    15.000
   55.918  -114.793    15.000
   55.918  -114.793    15.000
   55.918  -114.793    15.000
   56.325  -114.373    15.000
   56.325  -114.373    15.000
   56.325  -114.373    15.000
   56.325  -114.373    15.000
   56.325  -114.373    15.000
   55.875  -114.698    15.000
   55.875  -114.698    15.000
   55.875  -114.698    15.000
   55.875  -114.698    15.000
   55.875  -114.698    15.000
   55.820  -114.189    15.000
   55.820  -114.189    15.000
   55.820  -114.189    15.000
   55.820  -114.189    15.000
   55.820  -114.189    15.000
   55.830  -114.260    15.000
   55.830  -114.260    15.000
   55.830  -114.260    15.000
   55.830  -114.260    15.000
   55.830  -114.260    15.000
   55.824  -114.043    15.000
   55.824  -114.043    15.000
   55.824  -114.043    15.000
   55.824  -114.043    15.000
   55.824  -114.043    15.000
   46.725   -97.704    15.000
   46.725   -97.704    15.000
   46.725   -97.704    15.000
   46.725   -97.704    15.000
   46.725   -97.704    15.000
   58.108  -117.485    15.000
   58.108  -117.485    15.000
   58.108  -117.485    15.000
   58.108  -117.485    15.000
   58.108  -117.485    15.000
   46.785   -97.132    15.000
   46.785   -97.132    15.000
   46.785   -97.132    15.000
   46.785   -97.132    15.000
   46.785   -97.132    15.000
   46.892   -97.728    15.000
   46.892   -97.728    15.000
   46.892   -97.728    15.000
   46.892   -97.728    15.000
   46.892   -97.728    15.000
   56.315  -114.277    15.000
   56.315  -114.277    15.000
   56.315  -114.277    15.000
   56.315  -114.277    15.000
   56.315  -114.277    15.000
   46.969   -97.517    15.000
   46.969   -97.517    15.000
   46.969   -97.517    15.000
   46.969   -97.517    15.000
   46.969   -97.517    15.000
   59.298  -112.341    15.000
   59.298  -112.341    15.000
   59.298  -112.341    15.000
   59.298  -112.341    15.000
   59.298  -112.341    15.000
   59.160  -112.019    15.000
   59.160  -112.019    15.000
   59.160  -112.019    15.000
   59.160  -112.019    15.000
   59.160  -112.019    15.000
   55.854  -114.272    15.000
   55.854  -114.272    15.000
   55.854  -114.272    15.000
   55.854  -114.272    15.000
   55.854  -114.272    15.000
   55.854  -114.653    15.000
   55.854  -114.653    15.000
   55.854  -114.653    15.000
   55.854  -114.653    15.000
   55.854  -114.653    15.000
   55.853  -114.346    15.000
   55.853  -114.346    15.000
   55.853  -114.346    15.000
   55.853  -114.346    15.000
   55.853  -114.346    15.000
   47.174   -97.424    15.000
   47.174   -97.424    15.000
   47.174   -97.424    15.000
   47.174   -97.424    15.000
   47.174   -97.424    15.000
   56.209  -114.152    15.000
   56.209  -114.152    15.000
   56.209  -114.152    15.000
   56.209  -114.152    15.000
   56.209  -114.152    15.000
   58.161  -117.577    15.000
   58.161  -117.577    15.000
   58.161  -117.577    15.000
   58.161  -117.577    15.000
   58.161  -117.577    15.000
   56.074  -114.499    15.000
   56.074  -114.499    15.000
   56.074  -114.499    15.000
   56.074  -114.499    15.000
   56.074  -114.499    15.000
   47.405   -97.932    15.000
   47.405   -97.932    15.000
   47.405   -97.932    15.000
   47.405   -97.932    15.000
   47.405   -97.932    15.000
   56.281  -113.977    15.000
   56.281  -113.977    15.000
   56.281  -113.977    15.000
   56.281  -113.977    15.000
   56.281  -113.977    15.000
   59.158  -112.299    15.000
   59.158  -112.299    15.000
   59.158  -112.299    15.000
   59.158  -112.299    15.000
   59.158  -112.299    15.000
   47.437   -97.939    15.000
   47.437   -97.939    15.000
   47.437   -97.939    15.000
   47.437   -97.939    15.000
   47.437   -97.939    15.000
   47.519   -97.163    15.000
   47.519   -97.163    15.000
   47.519   -97.163    15.000
   47.519   -97.163    15.000
   47.519   -97.163    15.000
   55.770  -114.620    15.000
   55.770  -114.620    15.000
   55.770  -114.620    15.000
   55.770  -114.620    15.000
   55.770  -114.620    15.000
   60.281  -126.252    15.000
   60.281  -126.252    15.000
   60.281  -126.252    15.000
   60.281  -126.252    15.000
   60.281  -126.252    15.000
   46.143   -96.237    15.000
   46.143   -96.237    15.000
   46.143   -96.237    15.000
   46.143   -96.237    15.000
   46.143   -96.237    15.000
   59.537  -128.619    15.000
   59.537  -128.619    15.000
   59.537  -128.619    15.000
   59.537  -128.619    15.000
   59.537  -128.619    15.000
   58.339  -117.744    15.000
   58.339  -117.744    15.000
   58.339  -117.744    15.000
   58.339  -117.744    15.000
   58.339  -117.744    15.000
   46.838   -96.449    15.000
   46.838   -96.449    15.000
   46.838   -96.449    15.000
   46.838   -96.449    15.000
   46.838   -96.449    15.000
   47.375   -96.124    15.000
   47.375   -96.124    15.000
   47.375   -96.124    15.000
   47.375   -96.124    15.000
   47.375   -96.124    15.000
   47.378   -96.811    15.000
   47.378   -96.811    15.000
   47.378   -96.811    15.000
   47.378   -96.811    15.000
   47.378   -96.811    15.000
   47.468   -96.422    15.000
   47.468   -96.422    15.000
   47.468   -96.422    15.000
   47.468   -96.422    15.000
   47.468   -96.422    15.000
   47.599   -97.604    15.000
   47.599   -97.604    15.000
   47.599   -97.604    15.000
   47.599   -97.604    15.000
   47.599   -97.604    15.000
   47.609   -97.416    15.000
   47.609   -97.416    15.000
   47.609   -97.416    15.000
   47.609   -97.416    15.000
   47.609   -97.416    15.000
   56.290  -114.040    15.000
   56.290  -114.040    15.000
   56.290  -114.040    15.000
   56.290  -114.040    15.000
   56.290  -114.040    15.000
   47.896  -103.725    15.000
   47.896  -103.725    15.000
   47.896  -103.725    15.000
   47.896  -103.725    15.000
   47.896  -103.725    15.000
   47.892   -97.392    15.000
   47.892   -97.392    15.000
   47.892   -97.392    15.000
   47.892   -97.392    15.000
   47.892   -97.392    15.000
   58.913  -127.366    15.000
   58.913  -127.366    15.000
   58.913  -127.366    15.000
   58.913  -127.366    15.000
   58.913  -127.366    15.000
   58.968  -127.334    15.000
   58.968  -127.334    15.000
   58.968  -127.334    15.000
   58.968  -127.334    15.000
   58.968  -127.334    15.000
   47.901  -103.258    15.000
   47.901  -103.258    15.000
   47.901  -103.258    15.000
   47.901  -103.258    15.000
   47.901  -103.258    15.000
   58.437  -117.782    15.000
   58.437  -117.782    15.000
   58.437  -117.782    15.000
   58.437  -117.782    15.000
   58.437  -117.782    15.000
   48.021  -100.628    15.000
   48.021  -100.628    15.000
   48.021  -100.628    15.000
   48.021  -100.628    15.000
   48.021  -100.628    15.000
   55.883  -114.041    15.000
   55.883  -114.041    15.000
   55.883  -114.041    15.000
   55.883  -114.041    15.000
   55.883  -114.041    15.000
   55.840  -114.310    15.000
   55.840  -114.310    15.000
   55.840  -114.310    15.000
   55.840  -114.310    15.000
   55.840  -114.310    15.000
   48.036  -102.868    15.000
   48.036  -102.868    15.000
   48.036  -102.868    15.000
   48.036  -102.868    15.000
   48.036  -102.868    15.000
   56.337  -114.260    15.000
   56.337  -114.260    15.000
   56.337  -114.260    15.000
   56.337  -114.260    15.000
   56.337  -114.260    15.000
   56.350  -114.190    15.000
   56.350  -114.190    15.000
   56.350  -114.190    15.000
   56.350  -114.190    15.000
   56.350  -114.190    15.000
   58.559  -117.431    15.000
   58.559  -117.431    15.000
   58.559  -117.431    15.000
   58.559  -117.431    15.000
   58.559  -117.431    15.000
   58.528  -117.822    15.000
   58.528  -117.822    15.000
   58.528  -117.822    15.000
   58.528  -117.822    15.000
   58.528  -117.822    15.000
   58.544  -117.415    15.000
   58.544  -117.415    15.000
   58.544  -117.415    15.000
   58.544  -117.415    15.000
   58.544  -117.415    15.000
   48.176   -99.079    15.000
   48.176   -99.079    15.000
   48.176   -99.079    15.000
   48.176   -99.079    15.000
   48.176   -99.079    15.000
   48.339   -98.495    15.000
   48.339   -98.495    15.000
   48.339   -98.495    15.000
   48.339   -98.495    15.000
   48.339   -98.495    15.000
   55.888  -114.031    15.000
   55.888  -114.031    15.000
   55.888  -114.031    15.000
   55.888  -114.031    15.000
   55.888  -114.031    15.000
   48.372  -103.210    15.000
   48.372  -103.210    15.000
   48.372  -103.210    15.000
   48.372  -103.210    15.000
   48.372  -103.210    15.000
   58.182  -117.390    15.000
   58.182  -117.390    15.000
   58.182  -117.390    15.000
   58.182  -117.390    15.000
   58.182  -117.390    15.000
   48.683  -100.181    15.000
   48.683  -100.181    15.000
   48.683  -100.181    15.000
   48.683  -100.181    15.000
   48.683  -100.181    15.000
   48.868   -98.682    15.000
   48.868   -98.682    15.000
   48.868   -98.682    15.000
   48.868   -98.682    15.000
   48.868   -98.682    15.000
   55.808  -114.423    15.000
   55.808  -114.423    15.000
   55.808  -114.423    15.000
   55.808  -114.423    15.000
   55.808  -114.423    15.000
   47.559   -96.435    15.000
   47.559   -96.435    15.000
   47.559   -96.435    15.000
   47.559   -96.435    15.000
   47.559   -96.435    15.000
   58.248  -117.235    15.000
   58.248  -117.235    15.000
   58.248  -117.235    15.000
   58.248  -117.235    15.000
   58.248  -117.235    15.000
   52.243  -104.338    15.000
   52.243  -104.338    15.000
   52.243  -104.338    15.000
   52.243  -104.338    15.000
   52.243  -104.338    15.000
   51.089  -103.929    15.000
   51.089  -103.929    15.000
   51.089  -103.929    15.000
   51.089  -103.929    15.000
   51.089  -103.929    15.000
   51.323  -101.958    15.000
   51.323  -101.958    15.000
   51.323  -101.958    15.000
   51.323  -101.958    15.000
   51.323  -101.958    15.000
   51.364  -103.500    15.000
   51.364  -103.500    15.000
   51.364  -103.500    15.000
   51.364  -103.500    15.000
   51.364  -103.500    15.000
   59.570  -128.638    15.000
   59.570  -128.638    15.000
   59.570  -128.638    15.000
   59.570  -128.638    15.000
   59.570  -128.638    15.000
   51.820   -93.886    15.000
   51.820   -93.886    15.000
   51.820   -93.886    15.000
   51.820   -93.886    15.000
   51.820   -93.886    15.000
   50.108  -100.167    15.000
   50.108  -100.167    15.000
   50.108  -100.167    15.000
   50.108  -100.167    15.000
   50.108  -100.167    15.000
   47.654   -97.856    15.000
   47.654   -97.856    15.000
   47.654   -97.856    15.000
   47.654   -97.856    15.000
   47.654   -97.856    15.000
   45.176   -96.288    15.000
   45.176   -96.288    15.000
   45.176   -96.288    15.000
   45.176   -96.288    15.000
   45.176   -96.288    15.000
   50.392   -96.962    15.000
   50.392   -96.962    15.000
   50.392   -96.962    15.000
   50.392   -96.962    15.000
   50.392   -96.962    15.000
   48.679   -96.453    15.000
   48.679   -96.453    15.000
   48.679   -96.453    15.000
   48.679   -96.453    15.000
   48.679   -96.453    15.000
   35.059   -79.631    15.000
   35.059   -79.631    15.000
   35.059   -79.631    15.000
   35.059   -79.631    15.000
   35.059   -79.631    15.000
   36.266   -99.160    15.000
   36.266   -99.160    15.000
   36.266   -99.160    15.000
   36.266   -99.160    15.000
   36.266   -99.160    15.000
   35.328   -97.602    15.000
   35.328   -97.602    15.000
   35.328   -97.602    15.000
   35.328   -97.602    15.000
   35.328   -97.602    15.000
   50.363  -100.626    15.000
   50.363  -100.626    15.000
   50.363  -100.626    15.000
   50.363  -100.626    15.000
   50.363  -100.626    15.000
   52.761  -114.112    15.000
   52.761  -114.112    15.000
   52.761  -114.112    15.000
   52.761  -114.112    15.000
   52.761  -114.112    15.000
   56.277  -114.390    15.000
   56.277  -114.390    15.000
   56.277  -114.390    15.000
   56.277  -114.390    15.000
   56.277  -114.390    15.000
   63.902  -146.104    15.000
   63.902  -146.104    15.000
   63.902  -146.104    15.000
   63.902  -146.104    15.000
   63.902  -146.104    15.000
   30.323   -84.509    15.000
   30.323   -84.509    15.000
   30.323   -84.509    15.000
   30.323   -84.509    15.000
   30.323   -84.509    15.000
   63.943  -146.126    15.000
   63.943  -146.126    15.000
   63.943  -146.126    15.000
   63.943  -146.126    15.000
   63.943  -146.126    15.000
   28.474   -80.979    15.000
   28.474   -80.979    15.000
   28.474   -80.979    15.000
   28.474   -80.979    15.000
   28.474   -80.979    15.000
   27.565   -82.510    15.000
   27.565   -82.510    15.000
   27.565   -82.510    15.000
   27.565   -82.510    15.000
   27.565   -82.510    15.000
   30.369   -82.567    15.000
   30.369   -82.567    15.000
   30.369   -82.567    15.000
   30.369   -82.567    15.000
   30.369   -82.567    15.000
   26.087  -107.800    15.000
   26.087  -107.800    15.000
   26.087  -107.800    15.000
   26.087  -107.800    15.000
   26.087  -107.800    15.000
   26.359  -107.242    15.000
   26.359  -107.242    15.000
   26.359  -107.242    15.000
   26.359  -107.242    15.000
   26.359  -107.242    15.000
   26.724  -108.061    15.000
   26.724  -108.061    15.000
   26.724  -108.061    15.000
   26.724  -108.061    15.000
   26.724  -108.061    15.000
   27.591  -109.235    15.000
   27.591  -109.235    15.000
   27.591  -109.235    15.000
   27.591  -109.235    15.000
   27.591  -109.235    15.000
   30.378  -111.429    15.000
   30.378  -111.429    15.000
   30.378  -111.429    15.000
   30.378  -111.429    15.000
   30.378  -111.429    15.000
   48.869   -96.047    15.000
   48.869   -96.047    15.000
   48.869   -96.047    15.000
   48.869   -96.047    15.000
   48.869   -96.047    15.000
   28.818   -98.474    15.000
   28.818   -98.474    15.000
   28.818   -98.474    15.000
   28.818   -98.474    15.000
   28.818   -98.474    15.000
   31.365  -101.781    15.000
   31.365  -101.781    15.000
   31.365  -101.781    15.000
   31.365  -101.781    15.000
   31.365  -101.781    15.000
   25.359  -107.210    15.000
   25.359  -107.210    15.000
   25.359  -107.210    15.000
   25.359  -107.210    15.000
   25.359  -107.210    15.000
   28.418  -109.250    15.000
   28.418  -109.250    15.000
   28.418  -109.250    15.000
   28.418  -109.250    15.000
   28.418  -109.250    15.000
   47.131   -96.624    15.000
   47.131   -96.624    15.000
   47.131   -96.624    15.000
   47.131   -96.624    15.000
   47.131   -96.624    15.000
   43.871  -123.492    15.000
   43.871  -123.492    15.000
   43.871  -123.492    15.000
   43.871  -123.492    15.000
   43.871  -123.492    15.000
   32.168   -81.197    15.000
   32.168   -81.197    15.000
   32.168   -81.197    15.000
   32.168   -81.197    15.000
   32.168   -81.197    15.000
   32.478   -83.561    15.000
   32.478   -83.561    15.000
   32.478   -83.561    15.000
   32.478   -83.561    15.000
   32.478   -83.561    15.000
   47.723  -114.007    15.000
   47.723  -114.007    15.000
   47.723  -114.007    15.000
   47.723  -114.007    15.000
   47.723  -114.007    15.000
   36.035   -80.317    15.000
   36.035   -80.317    15.000
   36.035   -80.317    15.000
   36.035   -80.317    15.000
   36.035   -80.317    15.000
   32.757  -105.565    15.000
   32.757  -105.565    15.000
   32.757  -105.565    15.000
   32.757  -105.565    15.000
   32.757  -105.565    15.000
   25.363  -108.715    15.000
   25.363  -108.715    15.000
   25.363  -108.715    15.000
   25.363  -108.715    15.000
   25.363  -108.715    15.000
   47.190   -96.630    15.000
   47.190   -96.630    15.000
   47.190   -96.630    15.000
   47.190   -96.630    15.000
   47.190   -96.630    15.000
   47.261   -96.996    15.000
   47.261   -96.996    15.000
   47.261   -96.996    15.000
   47.261   -96.996    15.000
   47.261   -96.996    15.000
   47.416   -97.236    15.000
   47.416   -97.236    15.000
   47.416   -97.236    15.000
   47.416   -97.236    15.000
   47.416   -97.236    15.000
   46.529   -96.997    15.000
   46.529   -96.997    15.000
   46.529   -96.997    15.000
   46.529   -96.997    15.000
   46.529   -96.997    15.000
   48.016   -97.256    15.000
   48.016   -97.256    15.000
   48.016   -97.256    15.000
   48.016   -97.256    15.000
   48.016   -97.256    15.000
   48.204   -98.270    15.000
   48.204   -98.270    15.000
   48.204   -98.270    15.000
   48.204   -98.270    15.000
   48.204   -98.270    15.000
   46.549   -96.864    15.000
   46.549   -96.864    15.000
   46.549   -96.864    15.000
   46.549   -96.864    15.000
   46.549   -96.864    15.000
   46.416   -98.938    15.000
   46.416   -98.938    15.000
   46.416   -98.938    15.000
   46.416   -98.938    15.000
   46.416   -98.938    15.000
   29.532   -96.505    15.000
   29.532   -96.505    15.000
   29.532   -96.505    15.000
   29.532   -96.505    15.000
   29.532   -96.505    15.000
   32.211  -101.935    15.000
   32.211  -101.935    15.000
   32.211  -101.935    15.000
   32.211  -101.935    15.000
   32.211  -101.935    15.000
   29.819   -98.665    15.000
   29.819   -98.665    15.000
   29.819   -98.665    15.000
   29.819   -98.665    15.000
   29.819   -98.665    15.000
   30.881   -98.163    15.000
   30.881   -98.163    15.000
   30.881   -98.163    15.000
   30.881   -98.163    15.000
   30.881   -98.163    15.000
   41.958  -103.940    15.000
   41.958  -103.940    15.000
   41.958  -103.940    15.000
   41.958  -103.940    15.000
   41.958  -103.940    15.000
   37.565  -121.266    15.000
   37.565  -121.266    15.000
   37.565  -121.266    15.000
   37.565  -121.266    15.000
   37.565  -121.266    15.000
   45.331   -95.331    15.000
   45.331   -95.331    15.000
   45.331   -95.331    15.000
   45.331   -95.331    15.000
   45.331   -95.331    15.000
   45.866   -96.018    15.000
   45.866   -96.018    15.000
   45.866   -96.018    15.000
   45.866   -96.018    15.000
   45.866   -96.018    15.000
   47.683   -95.663    15.000
   47.683   -95.663    15.000
   47.683   -95.663    15.000
   47.683   -95.663    15.000
   47.683   -95.663    15.000
   48.952   -97.209    15.000
   48.952   -97.209    15.000
   48.952   -97.209    15.000
   48.952   -97.209    15.000
   48.952   -97.209    15.000
   63.994  -146.170    15.000
   63.994  -146.170    15.000
   63.994  -146.170    15.000
   63.994  -146.170    15.000
   63.994  -146.170    15.000
   64.022  -146.252    15.000
   64.022  -146.252    15.000
   64.022  -146.252    15.000
   64.022  -146.252    15.000
   64.022  -146.252    15.000
   36.058   -76.449    15.000
   36.058   -76.449    15.000
   36.058   -76.449    15.000
   36.058   -76.449    15.000
   36.058   -76.449    15.000
   48.075   -98.270    15.000
   48.075   -98.270    15.000
   48.075   -98.270    15.000
   48.075   -98.270    15.000
   48.075   -98.270    15.000
   48.400  -102.914    15.000
   48.400  -102.914    15.000
   48.400  -102.914    15.000
   48.400  -102.914    15.000
   48.400  -102.914    15.000
   48.753   -99.639    15.000
   48.753   -99.639    15.000
   48.753   -99.639    15.000
   48.753   -99.639    15.000
   48.753   -99.639    15.000
   25.470  -107.569    15.000
   25.470  -107.569    15.000
   25.470  -107.569    15.000
   25.470  -107.569    15.000
   25.470  -107.569    15.000
   34.671  -100.845    15.000
   34.671  -100.845    15.000
   34.671  -100.845    15.000
   34.671  -100.845    15.000
   34.671  -100.845    15.000
   30.893   -93.309    15.000
   30.893   -93.309    15.000
   30.893   -93.309    15.000
   30.893   -93.309    15.000
   30.893   -93.309    15.000
   44.820   -97.679    15.000
   44.820   -97.679    15.000
   44.820   -97.679    15.000
   44.820   -97.679    15.000
   44.820   -97.679    15.000
   25.494  -107.564    15.000
   25.494  -107.564    15.000
   25.494  -107.564    15.000
   25.494  -107.564    15.000
   25.494  -107.564    15.000
   34.364  -110.371    15.000
   34.364  -110.371    15.000
   34.364  -110.371    15.000
   34.364  -110.371    15.000
   34.364  -110.371    15.000
   25.680  -109.395    15.000
   25.680  -109.395    15.000
   25.680  -109.395    15.000
   25.680  -109.395    15.000
   25.680  -109.395    15.000
   25.740  -106.925    15.000
   25.740  -106.925    15.000
   25.740  -106.925    15.000
   25.740  -106.925    15.000
   25.740  -106.925    15.000
   25.741  -107.173    15.000
   25.741  -107.173    15.000
   25.741  -107.173    15.000
   25.741  -107.173    15.000
   25.741  -107.173    15.000
   25.911  -107.103    15.000
   25.911  -107.103    15.000
   25.911  -107.103    15.000
   25.911  -107.103    15.000
   25.911  -107.103    15.000
   26.061  -106.718    15.000
   26.061  -106.718    15.000
   26.061  -106.718    15.000
   26.061  -106.718    15.000
   26.061  -106.718    15.000
   26.436  -107.068    15.000
   26.436  -107.068    15.000
   26.436  -107.068    15.000
   26.436  -107.068    15.000
   26.436  -107.068    15.000
   58.597  -117.773    15.000
   58.597  -117.773    15.000
   58.597  -117.773    15.000
   58.597  -117.773    15.000
   58.597  -117.773    15.000
   55.805  -114.628    15.000
   55.805  -114.628    15.000
   55.805  -114.628    15.000
   55.805  -114.628    15.000
   55.805  -114.628    15.000
   26.774  -108.990    15.000
   26.774  -108.990    15.000
   26.774  -108.990    15.000
   26.774  -108.990    15.000
   26.774  -108.990    15.000
   56.211  -114.229    15.000
   56.211  -114.229    15.000
   56.211  -114.229    15.000
   56.211  -114.229    15.000
   56.211  -114.229    15.000
   33.515  -108.057    15.000
   33.515  -108.057    15.000
   33.515  -108.057    15.000
   33.515  -108.057    15.000
   33.515  -108.057    15.000
   57.992  -117.517    15.000
   57.992  -117.517    15.000
   57.992  -117.517    15.000
   57.992  -117.517    15.000
   57.992  -117.517    15.000
   33.531  -108.085    15.000
   33.531  -108.085    15.000
   33.531  -108.085    15.000
   33.531  -108.085    15.000
   33.531  -108.085    15.000
   36.221  -105.768    15.000
   36.221  -105.768    15.000
   36.221  -105.768    15.000
   36.221  -105.768    15.000
   36.221  -105.768    15.000
   58.586  -117.518    15.000
   58.586  -117.518    15.000
   58.586  -117.518    15.000
   58.586  -117.518    15.000
   58.586  -117.518    15.000
   56.347  -113.970    15.000
   56.347  -113.970    15.000
   56.347  -113.970    15.000
   56.347  -113.970    15.000
   56.347  -113.970    15.000
   56.050  -114.370    15.000
   56.050  -114.370    15.000
   56.050  -114.370    15.000
   56.050  -114.370    15.000
   56.050  -114.370    15.000
   56.194  -114.300    15.000
   56.194  -114.300    15.000
   56.194  -114.300    15.000
   56.194  -114.300    15.000
   56.194  -114.300    15.000
   56.285  -114.190    15.000
   56.285  -114.190    15.000
   56.285  -114.190    15.000
   56.285  -114.190    15.000
   56.285  -114.190    15.000
   56.334  -114.125    15.000
   56.334  -114.125    15.000
   56.334  -114.125    15.000
   56.334  -114.125    15.000
   56.334  -114.125    15.000
   56.223  -114.361    15.000
   56.223  -114.361    15.000
   56.223  -114.361    15.000
   56.223  -114.361    15.000
   56.223  -114.361    15.000
   56.366  -114.420    15.000
   56.366  -114.420    15.000
   56.366  -114.420    15.000
   56.366  -114.420    15.000
   56.366  -114.420    15.000
   56.259  -114.114    15.000
   56.259  -114.114    15.000
   56.259  -114.114    15.000
   56.259  -114.114    15.000
   56.259  -114.114    15.000
   56.453  -114.295    15.000
   56.453  -114.295    15.000
   56.453  -114.295    15.000
   56.453  -114.295    15.000
   56.453  -114.295    15.000
   57.054  -117.800    15.000
   57.054  -117.800    15.000
   57.054  -117.800    15.000
   57.054  -117.800    15.000
   57.054  -117.800    15.000
   57.060  -118.142    15.000
   57.060  -118.142    15.000
   57.060  -118.142    15.000
   57.060  -118.142    15.000
   57.060  -118.142    15.000
   57.096  -117.747    15.000
   57.096  -117.747    15.000
   57.096  -117.747    15.000
   57.096  -117.747    15.000
   57.096  -117.747    15.000
   58.058  -117.301    15.000
   58.058  -117.301    15.000
   58.058  -117.301    15.000
   58.058  -117.301    15.000
   58.058  -117.301    15.000
   55.878  -114.770    15.000
   55.878  -114.770    15.000
   55.878  -114.770    15.000
   55.878  -114.770    15.000
   55.878  -114.770    15.000
   58.122  -117.432    15.000
   58.122  -117.432    15.000
   58.122  -117.432    15.000
   58.122  -117.432    15.000
   58.122  -117.432    15.000
   55.789  -114.386    15.000
   55.789  -114.386    15.000
   55.789  -114.386    15.000
   55.789  -114.386    15.000
   55.789  -114.386    15.000
   58.342  -117.639    15.000
   58.342  -117.639    15.000
   58.342  -117.639    15.000
   58.342  -117.639    15.000
   58.342  -117.639    15.000
   51.420  -103.706    15.000
   51.420  -103.706    15.000
   51.420  -103.706    15.000
   51.420  -103.706    15.000
   51.420  -103.706    15.000
   45.707   -99.496    15.000
   45.707   -99.496    15.000
   45.707   -99.496    15.000
   45.707   -99.496    15.000
   45.707   -99.496    15.000
   45.938   -96.537    15.000
   45.938   -96.537    15.000
   45.938   -96.537    15.000
   45.938   -96.537    15.000
   45.938   -96.537    15.000
   27.175   -82.294    15.000
   27.175   -82.294    15.000
   27.175   -82.294    15.000
   27.175   -82.294    15.000
   27.175   -82.294    15.000
   27.322   -81.710    15.000
   27.322   -81.710    15.000
   27.322   -81.710    15.000
   27.322   -81.710    15.000
   27.322   -81.710    15.000
   56.240  -114.320    15.000
   56.240  -114.320    15.000
   56.240  -114.320    15.000
   56.240  -114.320    15.000
   56.240  -114.320    15.000
   58.583  -117.623    15.000
   58.583  -117.623    15.000
   58.583  -117.623    15.000
   58.583  -117.623    15.000
   58.583  -117.623    15.000
   60.223  -126.279    15.000
   60.223  -126.279    15.000
   60.223  -126.279    15.000
   60.223  -126.279    15.000
   60.223  -126.279    15.000
   60.254  -126.305    15.000
   60.254  -126.305    15.000
   60.254  -126.305    15.000
   60.254  -126.305    15.000
   60.254  -126.305    15.000
   59.825  -124.289    15.000
   59.825  -124.289    15.000
   59.825  -124.289    15.000
   59.825  -124.289    15.000
   59.825  -124.289    15.000
   58.302  -117.876    15.000
   58.302  -117.876    15.000
   58.302  -117.876    15.000
   58.302  -117.876    15.000
   58.302  -117.876    15.000
   58.650  -117.752    15.000
   58.650  -117.752    15.000
   58.650  -117.752    15.000
   58.650  -117.752    15.000
   58.650  -117.752    15.000
   60.829  -137.628    15.000
   60.829  -137.628    15.000
   60.829  -137.628    15.000
   60.829  -137.628    15.000
   60.829  -137.628    15.000
   59.580  -117.308    15.000
   59.580  -117.308    15.000
   59.580  -117.308    15.000
   59.580  -117.308    15.000
   59.580  -117.308    15.000
   57.244  -117.936    15.000
   57.244  -117.936    15.000
   57.244  -117.936    15.000
   57.244  -117.936    15.000
   57.244  -117.936    15.000
   56.390  -114.320    15.000
   56.390  -114.320    15.000
   56.390  -114.320    15.000
   56.390  -114.320    15.000
   56.390  -114.320    15.000
   45.955   -92.624    15.000
   45.955   -92.624    15.000
   45.955   -92.624    15.000
   45.955   -92.624    15.000
   45.955   -92.624    15.000
   32.311   -90.136    15.000
   32.311   -90.136    15.000
   32.311   -90.136    15.000
   32.311   -90.136    15.000
   32.311   -90.136    15.000
   42.680  -111.590    15.000
   42.680  -111.590    15.000
   42.680  -111.590    15.000
   42.680  -111.590    15.000
   42.680  -111.590    15.000
   30.934   -92.765    15.000
   30.934   -92.765    15.000
   30.934   -92.765    15.000
   30.934   -92.765    15.000
   30.934   -92.765    15.000
   56.981  -117.797    15.000
   56.981  -117.797    15.000
   56.981  -117.797    15.000
   56.981  -117.797    15.000
   56.981  -117.797    15.000
   57.227  -117.793    15.000
   57.227  -117.793    15.000
   57.227  -117.793    15.000
   57.227  -117.793    15.000
   57.227  -117.793    15.000
   57.248  -117.907    15.000
   57.248  -117.907    15.000
   57.248  -117.907    15.000
   57.248  -117.907    15.000
   57.248  -117.907    15.000
   37.203   -76.593    15.000
   37.203   -76.593    15.000
   37.203   -76.593    15.000
   37.203   -76.593    15.000
   37.203   -76.593    15.000
   34.444   -77.699    15.000
   34.444   -77.699    15.000
   34.444   -77.699    15.000
   34.444   -77.699    15.000
   34.444   -77.699    15.000
   31.606   -85.331    15.000
   31.606   -85.331    15.000
   31.606   -85.331    15.000
   31.606   -85.331    15.000
   31.606   -85.331    15.000
   34.586   -78.443    15.000
   34.586   -78.443    15.000
   34.586   -78.443    15.000
   34.586   -78.443    15.000
   34.586   -78.443    15.000
   35.077   -79.133    15.000
   35.077   -79.133    15.000
   35.077   -79.133    15.000
   35.077   -79.133    15.000
   35.077   -79.133    15.000
   46.454   -96.818    15.000
   46.454   -96.818    15.000
   46.454   -96.818    15.000
   46.454   -96.818    15.000
   46.454   -96.818    15.000
   26.878  -101.417    15.000
   26.878  -101.417    15.000
   26.878  -101.417    15.000
   26.878  -101.417    15.000
   26.878  -101.417    15.000
   47.429   -53.267    15.000
   47.429   -53.267    15.000
   47.429   -53.267    15.000
   47.429   -53.267    15.000
   47.429   -53.267    15.000
   57.164  -117.858    15.000
   57.164  -117.858    15.000
   57.164  -117.858    15.000
   57.164  -117.858    15.000
   57.164  -117.858    15.000
   58.370  -117.700    15.000
   58.370  -117.700    15.000
   58.370  -117.700    15.000
   58.370  -117.700    15.000
   58.370  -117.700    15.000
   45.853  -111.422    15.000
   45.853  -111.422    15.000
   45.853  -111.422    15.000
   45.853  -111.422    15.000
   45.853  -111.422    15.000
   48.036  -119.785    15.000
   48.036  -119.785    15.000
   48.036  -119.785    15.000
   48.036  -119.785    15.000
   48.036  -119.785    15.000
   56.030  -114.430    15.000
   56.030  -114.430    15.000
   56.030  -114.430    15.000
   56.030  -114.430    15.000
   56.030  -114.430    15.000
   55.805  -113.990    15.000
   55.805  -113.990    15.000
   55.805  -113.990    15.000
   55.805  -113.990    15.000
   55.805  -113.990    15.000
   47.979  -102.668    15.000
   47.979  -102.668    15.000
   47.979  -102.668    15.000
   47.979  -102.668    15.000
   47.979  -102.668    15.000
   44.729  -123.755    15.000
   44.729  -123.755    15.000
   44.729  -123.755    15.000
   44.729  -123.755    15.000
   44.729  -123.755    15.000
   33.781  -112.428    15.000
   33.781  -112.428    15.000
   33.781  -112.428    15.000
   33.781  -112.428    15.000
   33.781  -112.428    15.000
   34.254  -110.107    15.000
   34.254  -110.107    15.000
   34.254  -110.107    15.000
   34.254  -110.107    15.000
   34.254  -110.107    15.000
   39.501  -121.995    15.000
   39.501  -121.995    15.000
   39.501  -121.995    15.000
   39.501  -121.995    15.000
   39.501  -121.995    15.000
   40.151  -122.146    15.000
   40.151  -122.146    15.000
   40.151  -122.146    15.000
   40.151  -122.146    15.000
   40.151  -122.146    15.000
   45.656   -96.223    15.000
   45.656   -96.223    15.000
   45.656   -96.223    15.000
   45.656   -96.223    15.000
   45.656   -96.223    15.000
   48.838   -95.652    15.000
   48.838   -95.652    15.000
   48.838   -95.652    15.000
   48.838   -95.652    15.000
   48.838   -95.652    15.000
   37.702   -77.437    15.000
   37.702   -77.437    15.000
   37.702   -77.437    15.000
   37.702   -77.437    15.000
   37.702   -77.437    15.000
   33.990   -95.123    15.000
   33.990   -95.123    15.000
   33.990   -95.123    15.000
   33.990   -95.123    15.000
   33.990   -95.123    15.000
   36.074   -95.833    15.000
   36.074   -95.833    15.000
   36.074   -95.833    15.000
   36.074   -95.833    15.000
   36.074   -95.833    15.000
   28.378   -82.092    15.000
   28.378   -82.092    15.000
   28.378   -82.092    15.000
   28.378   -82.092    15.000
   28.378   -82.092    15.000
   30.064   -81.403    15.000
   30.064   -81.403    15.000
   30.064   -81.403    15.000
   30.064   -81.403    15.000
   30.064   -81.403    15.000
   47.732  -116.475    15.000
   47.732  -116.475    15.000
   47.732  -116.475    15.000
   47.732  -116.475    15.000
   47.732  -116.475    15.000
   32.265   -84.860    15.000
   32.265   -84.860    15.000
   32.265   -84.860    15.000
   32.265   -84.860    15.000
   32.265   -84.860    15.000
   48.495  -120.125    15.000
   48.495  -120.125    15.000
   48.495  -120.125    15.000
   48.495  -120.125    15.000
   48.495  -120.125    15.000
   59.614  -117.437    15.000
   59.614  -117.437    15.000
   59.614  -117.437    15.000
   59.614  -117.437    15.000
   59.614  -117.437    15.000
   59.487  -117.316    15.000
   59.487  -117.316    15.000
   59.487  -117.316    15.000
   59.487  -117.316    15.000
   59.487  -117.316    15.000
   59.310  -112.507    15.000
   59.310  -112.507    15.000
   59.310  -112.507    15.000
   59.310  -112.507    15.000
   59.310  -112.507    15.000
   46.783   -97.282    15.000
   46.783   -97.282    15.000
   46.783   -97.282    15.000
   46.783   -97.282    15.000
   46.783   -97.282    15.000
   29.361   -98.697    15.000
   29.361   -98.697    15.000
   29.361   -98.697    15.000
   29.361   -98.697    15.000
   29.361   -98.697    15.000
   26.849  -108.475    15.000
   26.849  -108.475    15.000
   26.849  -108.475    15.000
   26.849  -108.475    15.000
   26.849  -108.475    15.000
   57.210  -117.920    15.000
   57.210  -117.920    15.000
   57.210  -117.920    15.000
   57.210  -117.920    15.000
   57.210  -117.920    15.000
   25.438  -107.539    15.000
   25.438  -107.539    15.000
   25.438  -107.539    15.000
   25.438  -107.539    15.000
   25.438  -107.539    15.000
   26.786  -108.425    15.000
   26.786  -108.425    15.000
   26.786  -108.425    15.000
   26.786  -108.425    15.000
   26.786  -108.425    15.000
   26.852  -108.439    15.000
   26.852  -108.439    15.000
   26.852  -108.439    15.000
   26.852  -108.439    15.000
   26.852  -108.439    15.000
   26.978  -108.097    15.000
   26.978  -108.097    15.000
   26.978  -108.097    15.000
   26.978  -108.097    15.000
   26.978  -108.097    15.000
   26.991  -108.064    15.000
   26.991  -108.064    15.000
   26.991  -108.064    15.000
   26.991  -108.064    15.000
   26.991  -108.064    15.000
   27.679  -109.209    15.000
   27.679  -109.209    15.000
   27.679  -109.209    15.000
   27.679  -109.209    15.000
   27.679  -109.209    15.000
   27.822  -108.452    15.000
   27.822  -108.452    15.000
   27.822  -108.452    15.000
   27.822  -108.452    15.000
   27.822  -108.452    15.000
   26.302  -109.102    15.000
   26.302  -109.102    15.000
   26.302  -109.102    15.000
   26.302  -109.102    15.000
   26.302  -109.102    15.000
   36.286   -78.398    15.000
   36.286   -78.398    15.000
   36.286   -78.398    15.000
   36.286   -78.398    15.000
   36.286   -78.398    15.000
   59.575  -117.494    15.000
   59.575  -117.494    15.000
   59.575  -117.494    15.000
   59.575  -117.494    15.000
   59.575  -117.494    15.000
   58.314  -117.832    15.000
   58.314  -117.832    15.000
   58.314  -117.832    15.000
   58.314  -117.832    15.000
   58.314  -117.832    15.000
   59.116  -112.091    15.000
   59.116  -112.091    15.000
   59.116  -112.091    15.000
   59.116  -112.091    15.000
   59.116  -112.091    15.000
   57.144  -118.136    15.000
   57.144  -118.136    15.000
   57.144  -118.136    15.000
   57.144  -118.136    15.000
   57.144  -118.136    15.000
   46.928   -55.417    15.000
   46.928   -55.417    15.000
   46.928   -55.417    15.000
   46.928   -55.417    15.000
   46.928   -55.417    15.000
   25.984  -103.616    15.000
   25.984  -103.616    15.000
   25.984  -103.616    15.000
   25.984  -103.616    15.000
   25.984  -103.616    15.000
   25.274  -106.612    15.000
   25.274  -106.612    15.000
   25.274  -106.612    15.000
   25.274  -106.612    15.000
   25.274  -106.612    15.000
   25.994  -107.359    15.000
   25.994  -107.359    15.000
   25.994  -107.359    15.000
   25.994  -107.359    15.000
   25.994  -107.359    15.000
   27.091  -107.765    15.000
   27.091  -107.765    15.000
   27.091  -107.765    15.000
   27.091  -107.765    15.000
   27.091  -107.765    15.000
   32.517  -116.779    15.000
   32.517  -116.779    15.000
   32.517  -116.779    15.000
   32.517  -116.779    15.000
   32.517  -116.779    15.000
   54.556  -108.513    15.000
   54.556  -108.513    15.000
   54.556  -108.513    15.000
   54.556  -108.513    15.000
   54.556  -108.513    15.000
   59.361  -112.265    15.000
   59.361  -112.265    15.000
   59.361  -112.265    15.000
   59.361  -112.265    15.000
   59.361  -112.265    15.000
   45.850   -88.102    15.000
   45.850   -88.102    15.000
   45.850   -88.102    15.000
   45.850   -88.102    15.000
   45.850   -88.102    15.000
   58.670  -117.840    15.000
   58.670  -117.840    15.000
   58.670  -117.840    15.000
   58.670  -117.840    15.000
   58.670  -117.840    15.000
   57.210  -117.770    15.000
   57.210  -117.770    15.000
   57.210  -117.770    15.000
   57.210  -117.770    15.000
   57.210  -117.770    15.000
   57.190  -118.090    15.000
   57.190  -118.090    15.000
   57.190  -118.090    15.000
   57.190  -118.090    15.000
   57.190  -118.090    15.000
   56.446  -114.233    15.000
   56.446  -114.233    15.000
   56.446  -114.233    15.000
   56.446  -114.233    15.000
   56.446  -114.233    15.000
   32.034   -97.547    15.000
   32.034   -97.547    15.000
   32.034   -97.547    15.000
   32.034   -97.547    15.000
   32.034   -97.547    15.000
   37.574   -75.919    15.000
   37.574   -75.919    15.000
   37.574   -75.919    15.000
   37.574   -75.919    15.000
   37.574   -75.919    15.000
   57.896  -117.054    15.000
   57.896  -117.054    15.000
   57.896  -117.054    15.000
   57.896  -117.054    15.000
   57.896  -117.054    15.000
   59.880  -124.265    15.000
   59.880  -124.265    15.000
   59.880  -124.265    15.000
   59.880  -124.265    15.000
   59.880  -124.265    15.000
   63.653  -138.012    15.000
   63.653  -138.012    15.000
   63.653  -138.012    15.000
   63.653  -138.012    15.000
   63.653  -138.012    15.000
   57.164  -117.721    15.000
   57.164  -117.721    15.000
   57.164  -117.721    15.000
   57.164  -117.721    15.000
   57.164  -117.721    15.000
   56.319  -114.550    15.000
   56.319  -114.550    15.000
   56.319  -114.550    15.000
   56.319  -114.550    15.000
   56.319  -114.550    15.000
   55.620  -114.527    15.000
   55.620  -114.527    15.000
   55.620  -114.527    15.000
   55.620  -114.527    15.000
   55.620  -114.527    15.000
   57.190  -118.040    15.000
   57.190  -118.040    15.000
   57.190  -118.040    15.000
   57.190  -118.040    15.000
   57.190  -118.040    15.000
   59.630  -117.050    15.000
   59.630  -117.050    15.000
   59.630  -117.050    15.000
   59.630  -117.050    15.000
   59.630  -117.050    15.000
   56.020  -114.560    15.000
   56.020  -114.560    15.000
   56.020  -114.560    15.000
   56.020  -114.560    15.000
   56.020  -114.560    15.000
   50.216  -123.311    15.000
   50.216  -123.311    15.000
   50.216  -123.311    15.000
   50.216  -123.311    15.000
   50.216  -123.311    15.000
   58.586  -117.561    15.000
   58.586  -117.561    15.000
   58.586  -117.561    15.000
   58.586  -117.561    15.000
   58.586  -117.561    15.000
   56.298  -114.454    15.000
   56.298  -114.454    15.000
   56.298  -114.454    15.000
   56.298  -114.454    15.000
   56.298  -114.454    15.000
   58.110  -117.304    15.000
   58.110  -117.304    15.000
   58.110  -117.304    15.000
   58.110  -117.304    15.000
   58.110  -117.304    15.000
   59.236  -112.357    15.000
   59.236  -112.357    15.000
   59.236  -112.357    15.000
   59.236  -112.357    15.000
   59.236  -112.357    15.000
   59.361  -112.162    15.000
   59.361  -112.162    15.000
   59.361  -112.162    15.000
   59.361  -112.162    15.000
   59.361  -112.162    15.000
   55.431  -125.218    15.000
   55.431  -125.218    15.000
   55.431  -125.218    15.000
   55.431  -125.218    15.000
   55.431  -125.218    15.000
   55.618  -114.563    15.000
   55.618  -114.563    15.000
   55.618  -114.563    15.000
   55.618  -114.563    15.000
   55.618  -114.563    15.000
   55.900  -114.400    15.000
   55.900  -114.400    15.000
   55.900  -114.400    15.000
   55.900  -114.400    15.000
   55.900  -114.400    15.000
   57.110  -118.150    15.000
   57.110  -118.150    15.000
   57.110  -118.150    15.000
   57.110  -118.150    15.000
   57.110  -118.150    15.000
   59.830  -124.158    15.000
   59.830  -124.158    15.000
   59.830  -124.158    15.000
   59.830  -124.158    15.000
   59.830  -124.158    15.000
   57.021  -117.847    15.000
   57.021  -117.847    15.000
   57.021  -117.847    15.000
   57.021  -117.847    15.000
   57.021  -117.847    15.000
   59.557  -117.342    15.000
   59.557  -117.342    15.000
   59.557  -117.342    15.000
   59.557  -117.342    15.000
   59.557  -117.342    15.000
   57.075  -117.933    15.000
   57.075  -117.933    15.000
   57.075  -117.933    15.000
   57.075  -117.933    15.000
   57.075  -117.933    15.000
   57.181  -117.754    15.000
   57.181  -117.754    15.000
   57.181  -117.754    15.000
   57.181  -117.754    15.000
   57.181  -117.754    15.000
   59.297  -112.290    15.000
   59.297  -112.290    15.000
   59.297  -112.290    15.000
   59.297  -112.290    15.000
   59.297  -112.290    15.000
   59.540  -117.176    15.000
   59.540  -117.176    15.000
   59.540  -117.176    15.000
   59.540  -117.176    15.000
   59.540  -117.176    15.000
   57.145  -118.015    15.000
   57.145  -118.015    15.000
   57.145  -118.015    15.000
   57.145  -118.015    15.000
   57.145  -118.015    15.000
   58.640  -117.790    15.000
   58.640  -117.790    15.000
   58.640  -117.790    15.000
   58.640  -117.790    15.000
   58.640  -117.790    15.000
   58.310  -117.600    15.000
   58.310  -117.600    15.000
   58.310  -117.600    15.000
   58.310  -117.600    15.000
   58.310  -117.600    15.000
   59.307  -112.383    15.000
   59.307  -112.383    15.000
   59.307  -112.383    15.000
   59.307  -112.383    15.000
   59.307  -112.383    15.000
   59.282  -112.599    15.000
   59.282  -112.599    15.000
   59.282  -112.599    15.000
   59.282  -112.599    15.000
   59.282  -112.599    15.000
   32.356   -97.982    15.000
   32.356   -97.982    15.000
   32.356   -97.982    15.000
   32.356   -97.982    15.000
   32.356   -97.982    15.000
   30.216   -93.311    15.000
   30.216   -93.311    15.000
   30.216   -93.311    15.000
   30.216   -93.311    15.000
   30.216   -93.311    15.000
   32.106   -81.216    15.000
   32.106   -81.216    15.000
   32.106   -81.216    15.000
   32.106   -81.216    15.000
   32.106   -81.216    15.000
   32.820   -93.621    15.000
   32.820   -93.621    15.000
   32.820   -93.621    15.000
   32.820   -93.621    15.000
   32.820   -93.621    15.000
   35.793   -80.926    15.000
   35.793   -80.926    15.000
   35.793   -80.926    15.000
   35.793   -80.926    15.000
   35.793   -80.926    15.000
   36.595   -79.332    15.000
   36.595   -79.332    15.000
   36.595   -79.332    15.000
   36.595   -79.332    15.000
   36.595   -79.332    15.000
   33.558   -79.118    15.000
   33.558   -79.118    15.000
   33.558   -79.118    15.000
   33.558   -79.118    15.000
   33.558   -79.118    15.000
   35.818   -79.109    15.000
   35.818   -79.109    15.000
   35.818   -79.109    15.000
   35.818   -79.109    15.000
   35.818   -79.109    15.000
   32.909   -82.747    15.000
   32.909   -82.747    15.000
   32.909   -82.747    15.000
   32.909   -82.747    15.000
   32.909   -82.747    15.000
   32.981   -82.805    15.000
   32.981   -82.805    15.000
   32.981   -82.805    15.000
   32.981   -82.805    15.000
   32.981   -82.805    15.000
   33.103   -84.594    15.000
   33.103   -84.594    15.000
   33.103   -84.594    15.000
   33.103   -84.594    15.000
   33.103   -84.594    15.000
   33.123   -82.433    15.000
   33.123   -82.433    15.000
   33.123   -82.433    15.000
   33.123   -82.433    15.000
   33.123   -82.433    15.000
   33.763   -83.073    15.000
   33.763   -83.073    15.000
   33.763   -83.073    15.000
   33.763   -83.073    15.000
   33.763   -83.073    15.000
   31.949   -81.599    15.000
   31.949   -81.599    15.000
   31.949   -81.599    15.000
   31.949   -81.599    15.000
   31.949   -81.599    15.000
   37.237   -96.946    15.000
   37.237   -96.946    15.000
   37.237   -96.946    15.000
   37.237   -96.946    15.000
   37.237   -96.946    15.000
   35.596   -76.142    15.000
   35.596   -76.142    15.000
   35.596   -76.142    15.000
   35.596   -76.142    15.000
   35.596   -76.142    15.000
   37.055   -77.170    15.000
   37.055   -77.170    15.000
   37.055   -77.170    15.000
   37.055   -77.170    15.000
   37.055   -77.170    15.000
   47.544  -115.940    15.000
   47.544  -115.940    15.000
   47.544  -115.940    15.000
   47.544  -115.940    15.000
   47.544  -115.940    15.000
   47.601  -115.959    15.000
   47.601  -115.959    15.000
   47.601  -115.959    15.000
   47.601  -115.959    15.000
   47.601  -115.959    15.000
   44.253   -99.928    15.000
   44.253   -99.928    15.000
   44.253   -99.928    15.000
   44.253   -99.928    15.000
   44.253   -99.928    15.000
   49.829  -101.701    15.000
   49.829  -101.701    15.000
   49.829  -101.701    15.000
   49.829  -101.701    15.000
   49.829  -101.701    15.000
   32.392   -81.837    15.000
   32.392   -81.837    15.000
   32.392   -81.837    15.000
   32.392   -81.837    15.000
   32.392   -81.837    15.000
   46.573   -97.731    15.000
   46.573   -97.731    15.000
   46.573   -97.731    15.000
   46.573   -97.731    15.000
   46.573   -97.731    15.000
   27.635   -81.659    15.000
   27.635   -81.659    15.000
   27.635   -81.659    15.000
   27.635   -81.659    15.000
   27.635   -81.659    15.000
   28.025   -81.337    15.000
   28.025   -81.337    15.000
   28.025   -81.337    15.000
   28.025   -81.337    15.000
   28.025   -81.337    15.000
   60.334  -126.236    15.000
   60.334  -126.236    15.000
   60.334  -126.236    15.000
   60.334  -126.236    15.000
   60.334  -126.236    15.000
   25.100  -107.546    15.000
   25.100  -107.546    15.000
   25.100  -107.546    15.000
   25.100  -107.546    15.000
   25.100  -107.546    15.000
   25.299  -107.437    15.000
   25.299  -107.437    15.000
   25.299  -107.437    15.000
   25.299  -107.437    15.000
   25.299  -107.437    15.000
   25.875  -106.951    15.000
   25.875  -106.951    15.000
   25.875  -106.951    15.000
   25.875  -106.951    15.000
   25.875  -106.951    15.000
   26.358  -109.000    15.000
   26.358  -109.000    15.000
   26.358  -109.000    15.000
   26.358  -109.000    15.000
   26.358  -109.000    15.000
   26.716  -108.448    15.000
   26.716  -108.448    15.000
   26.716  -108.448    15.000
   26.716  -108.448    15.000
   26.716  -108.448    15.000
   25.605  -107.670    15.000
   25.605  -107.670    15.000
   25.605  -107.670    15.000
   25.605  -107.670    15.000
   25.605  -107.670    15.000
   26.213  -108.226    15.000
   26.213  -108.226    15.000
   26.213  -108.226    15.000
   26.213  -108.226    15.000
   26.213  -108.226    15.000
   27.783  -108.448    15.000
   27.783  -108.448    15.000
   27.783  -108.448    15.000
   27.783  -108.448    15.000
   27.783  -108.448    15.000
   51.100  -104.606    15.000
   51.100  -104.606    15.000
   51.100  -104.606    15.000
   51.100  -104.606    15.000
   51.100  -104.606    15.000
   51.528  -103.083    15.000
   51.528  -103.083    15.000
   51.528  -103.083    15.000
   51.528  -103.083    15.000
   51.528  -103.083    15.000
   51.559  -102.338    15.000
   51.559  -102.338    15.000
   51.559  -102.338    15.000
   51.559  -102.338    15.000
   51.559  -102.338    15.000
   47.639   -97.958    15.000
   47.639   -97.958    15.000
   47.639   -97.958    15.000
   47.639   -97.958    15.000
   47.639   -97.958    15.000
   48.511  -104.544    15.000
   48.511  -104.544    15.000
   48.511  -104.544    15.000
   48.511  -104.544    15.000
   48.511  -104.544    15.000
   50.216  -100.427    15.000
   50.216  -100.427    15.000
   50.216  -100.427    15.000
   50.216  -100.427    15.000
   50.216  -100.427    15.000
   49.344   -99.763    15.000
   49.344   -99.763    15.000
   49.344   -99.763    15.000
   49.344   -99.763    15.000
   49.344   -99.763    15.000
   46.129   -98.456    15.000
   46.129   -98.456    15.000
   46.129   -98.456    15.000
   46.129   -98.456    15.000
   46.129   -98.456    15.000
   51.961  -102.865    15.000
   51.961  -102.865    15.000
   51.961  -102.865    15.000
   51.961  -102.865    15.000
   51.961  -102.865    15.000
   53.357  -103.821    15.000
   53.357  -103.821    15.000
   53.357  -103.821    15.000
   53.357  -103.821    15.000
   53.357  -103.821    15.000
   53.418  -104.848    15.000
   53.418  -104.848    15.000
   53.418  -104.848    15.000
   53.418  -104.848    15.000
   53.418  -104.848    15.000
   52.146  -103.835    15.000
   52.146  -103.835    15.000
   52.146  -103.835    15.000
   52.146  -103.835    15.000
   52.146  -103.835    15.000
   47.059   -97.556    15.000
   47.059   -97.556    15.000
   47.059   -97.556    15.000
   47.059   -97.556    15.000
   47.059   -97.556    15.000
   45.215   -97.214    15.000
   45.215   -97.214    15.000
   45.215   -97.214    15.000
   45.215   -97.214    15.000
   45.215   -97.214    15.000
   46.482   -96.404    15.000
   46.482   -96.404    15.000
   46.482   -96.404    15.000
   46.482   -96.404    15.000
   46.482   -96.404    15.000
   34.796   -79.040    15.000
   34.796   -79.040    15.000
   34.796   -79.040    15.000
   34.796   -79.040    15.000
   34.796   -79.040    15.000
   26.650   -80.470    15.000
   26.650   -80.470    15.000
   26.650   -80.470    15.000
   26.650   -80.470    15.000
   26.650   -80.470    15.000
   45.035   -97.020    15.000
   45.035   -97.020    15.000
   45.035   -97.020    15.000
   45.035   -97.020    15.000
   45.035   -97.020    15.000
   31.375   -98.440    15.000
   31.375   -98.440    15.000
   31.375   -98.440    15.000
   31.375   -98.440    15.000
   31.375   -98.440    15.000
   48.288  -102.502    15.000
   48.288  -102.502    15.000
   48.288  -102.502    15.000
   48.288  -102.502    15.000
   48.288  -102.502    15.000
   48.576  -102.241    15.000
   48.576  -102.241    15.000
   48.576  -102.241    15.000
   48.576  -102.241    15.000
   48.576  -102.241    15.000
   48.962  -102.352    15.000
   48.962  -102.352    15.000
   48.962  -102.352    15.000
   48.962  -102.352    15.000
   48.962  -102.352    15.000
   32.302   -97.282    15.000
   32.302   -97.282    15.000
   32.302   -97.282    15.000
   32.302   -97.282    15.000
   32.302   -97.282    15.000
   29.768   -98.956    15.000
   29.768   -98.956    15.000
   29.768   -98.956    15.000
   29.768   -98.956    15.000
   29.768   -98.956    15.000
   32.360  -103.842    15.000
   32.360  -103.842    15.000
   32.360  -103.842    15.000
   32.360  -103.842    15.000
   32.360  -103.842    15.000
   31.848  -101.820    15.000
   31.848  -101.820    15.000
   31.848  -101.820    15.000
   31.848  -101.820    15.000
   31.848  -101.820    15.000
   31.649   -97.068    15.000
   31.649   -97.068    15.000
   31.649   -97.068    15.000
   31.649   -97.068    15.000
   31.649   -97.068    15.000
   33.416   -81.900    15.000
   33.416   -81.900    15.000
   33.416   -81.900    15.000
   33.416   -81.900    15.000
   33.416   -81.900    15.000
   39.748  -122.277    15.000
   39.748  -122.277    15.000
   39.748  -122.277    15.000
   39.748  -122.277    15.000
   39.748  -122.277    15.000
   37.037  -120.948    15.000
   37.037  -120.948    15.000
   37.037  -120.948    15.000
   37.037  -120.948    15.000
   37.037  -120.948    15.000
   46.096   -94.354    15.000
   46.096   -94.354    15.000
   46.096   -94.354    15.000
   46.096   -94.354    15.000
   46.096   -94.354    15.000
   40.436  -104.966    15.000
   40.436  -104.966    15.000
   40.436  -104.966    15.000
   40.436  -104.966    15.000
   40.436  -104.966    15.000
   35.964   -80.464    15.000
   35.964   -80.464    15.000
   35.964   -80.464    15.000
   35.964   -80.464    15.000
   35.964   -80.464    15.000
   46.046   -97.377    15.000
   46.046   -97.377    15.000
   46.046   -97.377    15.000
   46.046   -97.377    15.000
   46.046   -97.377    15.000
   46.865   -97.505    15.000
   46.865   -97.505    15.000
   46.865   -97.505    15.000
   46.865   -97.505    15.000
   46.865   -97.505    15.000
   47.183   -97.361    15.000
   47.183   -97.361    15.000
   47.183   -97.361    15.000
   47.183   -97.361    15.000
   47.183   -97.361    15.000
   56.341  -114.410    15.000
   56.341  -114.410    15.000
   56.341  -114.410    15.000
   56.341  -114.410    15.000
   56.341  -114.410    15.000
   56.375  -114.390    15.000
   56.375  -114.390    15.000
   56.375  -114.390    15.000
   56.375  -114.390    15.000
   56.375  -114.390    15.000
   48.337   -98.858    15.000
   48.337   -98.858    15.000
   48.337   -98.858    15.000
   48.337   -98.858    15.000
   48.337   -98.858    15.000
   46.371   -97.542    15.000
   46.371   -97.542    15.000
   46.371   -97.542    15.000
   46.371   -97.542    15.000
   46.371   -97.542    15.000
   43.301   -79.945    15.000
   43.301   -79.945    15.000
   43.301   -79.945    15.000
   43.301   -79.945    15.000
   43.301   -79.945    15.000
   55.659  -114.422    15.000
   55.659  -114.422    15.000
   55.659  -114.422    15.000
   55.659  -114.422    15.000
   55.659  -114.422    15.000
   55.696  -114.172    15.000
   55.696  -114.172    15.000
   55.696  -114.172    15.000
   55.696  -114.172    15.000
   55.696  -114.172    15.000
   57.070  -118.155    15.000
   57.070  -118.155    15.000
   57.070  -118.155    15.000
   57.070  -118.155    15.000
   57.070  -118.155    15.000
   55.737  -114.080    15.000
   55.737  -114.080    15.000
   55.737  -114.080    15.000
   55.737  -114.080    15.000
   55.737  -114.080    15.000
   55.606  -114.346    15.000
   55.606  -114.346    15.000
   55.606  -114.346    15.000
   55.606  -114.346    15.000
   55.606  -114.346    15.000
   55.755  -114.170    15.000
   55.755  -114.170    15.000
   55.755  -114.170    15.000
   55.755  -114.170    15.000
   55.755  -114.170    15.000
   58.230  -117.620    15.000
   58.230  -117.620    15.000
   58.230  -117.620    15.000
   58.230  -117.620    15.000
   58.230  -117.620    15.000
   58.060  -117.554    15.000
   58.060  -117.554    15.000
   58.060  -117.554    15.000
   58.060  -117.554    15.000
   58.060  -117.554    15.000
   58.170  -117.250    15.000
   58.170  -117.250    15.000
   58.170  -117.250    15.000
   58.170  -117.250    15.000
   58.170  -117.250    15.000
   58.230  -117.200    15.000
   58.230  -117.200    15.000
   58.230  -117.200    15.000
   58.230  -117.200    15.000
   58.230  -117.200    15.000
   58.650  -117.645    15.000
   58.650  -117.645    15.000
   58.650  -117.645    15.000
   58.650  -117.645    15.000
   58.650  -117.645    15.000
   58.110  -117.480    15.000
   58.110  -117.480    15.000
   58.110  -117.480    15.000
   58.110  -117.480    15.000
   58.110  -117.480    15.000
   58.255  -117.240    15.000
   58.255  -117.240    15.000
   58.255  -117.240    15.000
   58.255  -117.240    15.000
   58.255  -117.240    15.000
   58.180  -117.500    15.000
   58.180  -117.500    15.000
   58.180  -117.500    15.000
   58.180  -117.500    15.000
   58.180  -117.500    15.000
   58.025  -117.540    15.000
   58.025  -117.540    15.000
   58.025  -117.540    15.000
   58.025  -117.540    15.000
   58.025  -117.540    15.000
   58.100  -117.390    15.000
   58.100  -117.390    15.000
   58.100  -117.390    15.000
   58.100  -117.390    15.000
   58.100  -117.390    15.000
   55.770  -114.110    15.000
   55.770  -114.110    15.000
   55.770  -114.110    15.000
   55.770  -114.110    15.000
   55.770  -114.110    15.000
   55.660  -114.350    15.000
   55.660  -114.350    15.000
   55.660  -114.350    15.000
   55.660  -114.350    15.000
   55.660  -114.350    15.000
   55.710  -114.270    15.000
   55.710  -114.270    15.000
   55.710  -114.270    15.000
   55.710  -114.270    15.000
   55.710  -114.270    15.000
   55.000   -98.500    15.000
   55.000   -98.500    15.000
   55.000   -98.500    15.000
   55.000   -98.500    15.000
   55.000   -98.500    15.000
0024
0
  10000.0
1
./
ERA5-20190531-00-casestudy-31km.arl
1
PM25
0.001
    24.000
19 05 31 00 00
1
   55.000   -98.500
    0.100     0.100
   30.000    92.000
./
hysplit.con
1
10
19 05 31 00 00
19 06 01 00 00
0 1 0
1
1 1 1
0 0 0 0 0
0 0 0
0
0.0
