19 06 01 00
2360
   63.942  -146.126    15.000
   63.942  -146.126    15.000
   63.942  -146.126    15.000
   63.942  -146.126    15.000
   63.942  -146.126    15.000
   63.993  -146.175    15.000
   63.993  -146.175    15.000
   63.993  -146.175    15.000
   63.993  -146.175    15.000
   63.993  -146.175    15.000
   60.829  -137.628    15.000
   60.829  -137.628    15.000
   60.829  -137.628    15.000
   60.829  -137.628    15.000
   60.829  -137.628    15.000
   62.991  -141.010    15.000
   62.991  -141.010    15.000
   62.991  -141.010    15.000
   62.991  -141.010    15.000
   62.991  -141.010    15.000
   63.902  -146.109    15.000
   63.902  -146.109    15.000
   63.902  -146.109    15.000
   63.902  -146.109    15.000
   63.902  -146.109    15.000
   64.025  -146.264    15.000
   64.025  -146.264    15.000
   64.025  -146.264    15.000
   64.025  -146.264    15.000
   64.025  -146.264    15.000
   63.653  -138.012    15.000
   63.653  -138.012    15.000
   63.653  -138.012    15.000
   63.653  -138.012    15.000
   63.653  -138.012    15.000
   60.285  -126.200    15.000
   60.285  -126.200    15.000
   60.285  -126.200    15.000
   60.285  -126.200    15.000
   60.285  -126.200    15.000
   60.300  -126.243    15.000
   60.300  -126.243    15.000
   60.300  -126.243    15.000
   60.300  -126.243    15.000
   60.300  -126.243    15.000
   58.913  -127.366    15.000
   58.913  -127.366    15.000
   58.913  -127.366    15.000
   58.913  -127.366    15.000
   58.913  -127.366    15.000
   59.825  -124.288    15.000
   59.825  -124.288    15.000
   59.825  -124.288    15.000
   59.825  -124.288    15.000
   59.825  -124.288    15.000
   58.968  -127.334    15.000
   58.968  -127.334    15.000
   58.968  -127.334    15.000
   58.968  -127.334    15.000
   58.968  -127.334    15.000
   60.278  -126.189    15.000
   60.278  -126.189    15.000
   60.278  -126.189    15.000
   60.278  -126.189    15.000
   60.278  -126.189    15.000
   60.274  -126.322    15.000
   60.274  -126.322    15.000
   60.274  -126.322    15.000
   60.274  -126.322    15.000
   60.274  -126.322    15.000
   59.884  -124.264    15.000
   59.884  -124.264    15.000
   59.884  -124.264    15.000
   59.884  -124.264    15.000
   59.884  -124.264    15.000
   60.331  -126.241    15.000
   60.331  -126.241    15.000
   60.331  -126.241    15.000
   60.331  -126.241    15.000
   60.331  -126.241    15.000
   59.830  -124.158    15.000
   59.830  -124.158    15.000
   59.830  -124.158    15.000
   59.830  -124.158    15.000
   59.830  -124.158    15.000
   60.222  -126.282    15.000
   60.222  -126.282    15.000
   60.222  -126.282    15.000
   60.222  -126.282    15.000
   60.222  -126.282    15.000
   55.431  -125.218    15.000
   55.431  -125.218    15.000
   55.431  -125.218    15.000
   55.431  -125.218    15.000
   55.431  -125.218    15.000
   50.216  -123.311    15.000
   50.216  -123.311    15.000
   50.216  -123.311    15.000
   50.216  -123.311    15.000
   50.216  -123.311    15.000
   59.563  -128.637    15.000
   59.563  -128.637    15.000
   59.563  -128.637    15.000
   59.563  -128.637    15.000
   59.563  -128.637    15.000
   54.345  -126.910    15.000
   54.345  -126.910    15.000
   54.345  -126.910    15.000
   54.345  -126.910    15.000
   54.345  -126.910    15.000
   56.027  -129.159    15.000
   56.027  -129.159    15.000
   56.027  -129.159    15.000
   56.027  -129.159    15.000
   56.027  -129.159    15.000
   47.650  -100.142    15.000
   47.650  -100.142    15.000
   47.650  -100.142    15.000
   47.650  -100.142    15.000
   47.650  -100.142    15.000
   58.160  -117.251    15.000
   58.160  -117.251    15.000
   58.160  -117.251    15.000
   58.160  -117.251    15.000
   58.160  -117.251    15.000
   41.645   -87.121    15.000
   41.645   -87.121    15.000
   41.645   -87.121    15.000
   41.645   -87.121    15.000
   41.645   -87.121    15.000
   59.158  -112.014    15.000
   59.158  -112.014    15.000
   59.158  -112.014    15.000
   59.158  -112.014    15.000
   59.158  -112.014    15.000
   58.008  -117.049    15.000
   58.008  -117.049    15.000
   58.008  -117.049    15.000
   58.008  -117.049    15.000
   58.008  -117.049    15.000
   57.936  -117.120    15.000
   57.936  -117.120    15.000
   57.936  -117.120    15.000
   57.936  -117.120    15.000
   57.936  -117.120    15.000
   55.638  -114.415    15.000
   55.638  -114.415    15.000
   55.638  -114.415    15.000
   55.638  -114.415    15.000
   55.638  -114.415    15.000
   55.724  -114.147    15.000
   55.724  -114.147    15.000
   55.724  -114.147    15.000
   55.724  -114.147    15.000
   55.724  -114.147    15.000
   56.441  -114.210    15.000
   56.441  -114.210    15.000
   56.441  -114.210    15.000
   56.441  -114.210    15.000
   56.441  -114.210    15.000
   59.192  -112.537    15.000
   59.192  -112.537    15.000
   59.192  -112.537    15.000
   59.192  -112.537    15.000
   59.192  -112.537    15.000
   58.039  -117.571    15.000
   58.039  -117.571    15.000
   58.039  -117.571    15.000
   58.039  -117.571    15.000
   58.039  -117.571    15.000
   56.213  -114.409    15.000
   56.213  -114.409    15.000
   56.213  -114.409    15.000
   56.213  -114.409    15.000
   56.213  -114.409    15.000
   58.334  -117.775    15.000
   58.334  -117.775    15.000
   58.334  -117.775    15.000
   58.334  -117.775    15.000
   58.334  -117.775    15.000
   58.071  -117.065    15.000
   58.071  -117.065    15.000
   58.071  -117.065    15.000
   58.071  -117.065    15.000
   58.071  -117.065    15.000
   56.150  -114.431    15.000
   56.150  -114.431    15.000
   56.150  -114.431    15.000
   56.150  -114.431    15.000
   56.150  -114.431    15.000
   57.924  -117.448    15.000
   57.924  -117.448    15.000
   57.924  -117.448    15.000
   57.924  -117.448    15.000
   57.924  -117.448    15.000
   55.737  -114.377    15.000
   55.737  -114.377    15.000
   55.737  -114.377    15.000
   55.737  -114.377    15.000
   55.737  -114.377    15.000
   56.279  -114.456    15.000
   56.279  -114.456    15.000
   56.279  -114.456    15.000
   56.279  -114.456    15.000
   56.279  -114.456    15.000
   56.222  -114.460    15.000
   56.222  -114.460    15.000
   56.222  -114.460    15.000
   56.222  -114.460    15.000
   56.222  -114.460    15.000
   55.683  -114.188    15.000
   55.683  -114.188    15.000
   55.683  -114.188    15.000
   55.683  -114.188    15.000
   55.683  -114.188    15.000
   55.746  -114.071    15.000
   55.746  -114.071    15.000
   55.746  -114.071    15.000
   55.746  -114.071    15.000
   55.746  -114.071    15.000
   59.185  -112.552    15.000
   59.185  -112.552    15.000
   59.185  -112.552    15.000
   59.185  -112.552    15.000
   59.185  -112.552    15.000
   56.338  -114.418    15.000
   56.338  -114.418    15.000
   56.338  -114.418    15.000
   56.338  -114.418    15.000
   56.338  -114.418    15.000
   57.070  -118.161    15.000
   57.070  -118.161    15.000
   57.070  -118.161    15.000
   57.070  -118.161    15.000
   57.070  -118.161    15.000
   57.227  -117.793    15.000
   57.227  -117.793    15.000
   57.227  -117.793    15.000
   57.227  -117.793    15.000
   57.227  -117.793    15.000
   59.153  -112.303    15.000
   59.153  -112.303    15.000
   59.153  -112.303    15.000
   59.153  -112.303    15.000
   59.153  -112.303    15.000
   59.217  -111.979    15.000
   59.217  -111.979    15.000
   59.217  -111.979    15.000
   59.217  -111.979    15.000
   59.217  -111.979    15.000
   55.923  -114.142    15.000
   55.923  -114.142    15.000
   55.923  -114.142    15.000
   55.923  -114.142    15.000
   55.923  -114.142    15.000
   59.157  -113.833    15.000
   59.157  -113.833    15.000
   59.157  -113.833    15.000
   59.157  -113.833    15.000
   59.157  -113.833    15.000
   60.230  -126.240    15.000
   60.230  -126.240    15.000
   60.230  -126.240    15.000
   60.230  -126.240    15.000
   60.230  -126.240    15.000
   60.267  -126.347    15.000
   60.267  -126.347    15.000
   60.267  -126.347    15.000
   60.267  -126.347    15.000
   60.267  -126.347    15.000
   56.279  -114.423    15.000
   56.279  -114.423    15.000
   56.279  -114.423    15.000
   56.279  -114.423    15.000
   56.279  -114.423    15.000
   25.915  -107.107    15.000
   25.915  -107.107    15.000
   25.915  -107.107    15.000
   25.915  -107.107    15.000
   25.915  -107.107    15.000
   32.206  -101.943    15.000
   32.206  -101.943    15.000
   32.206  -101.943    15.000
   32.206  -101.943    15.000
   32.206  -101.943    15.000
   59.241  -112.578    15.000
   59.241  -112.578    15.000
   59.241  -112.578    15.000
   59.241  -112.578    15.000
   59.241  -112.578    15.000
   57.963  -117.521    15.000
   57.963  -117.521    15.000
   57.963  -117.521    15.000
   57.963  -117.521    15.000
   57.963  -117.521    15.000
   31.151   -87.985    15.000
   31.151   -87.985    15.000
   31.151   -87.985    15.000
   31.151   -87.985    15.000
   31.151   -87.985    15.000
   26.888  -101.459    15.000
   26.888  -101.459    15.000
   26.888  -101.459    15.000
   26.888  -101.459    15.000
   26.888  -101.459    15.000
   60.317  -126.105    15.000
   60.317  -126.105    15.000
   60.317  -126.105    15.000
   60.317  -126.105    15.000
   60.317  -126.105    15.000
   58.240  -117.248    15.000
   58.240  -117.248    15.000
   58.240  -117.248    15.000
   58.240  -117.248    15.000
   58.240  -117.248    15.000
   56.091  -114.434    15.000
   56.091  -114.434    15.000
   56.091  -114.434    15.000
   56.091  -114.434    15.000
   56.091  -114.434    15.000
   55.582  -114.449    15.000
   55.582  -114.449    15.000
   55.582  -114.449    15.000
   55.582  -114.449    15.000
   55.582  -114.449    15.000
   56.344  -114.442    15.000
   56.344  -114.442    15.000
   56.344  -114.442    15.000
   56.344  -114.442    15.000
   56.344  -114.442    15.000
   35.313  -111.410    15.000
   35.313  -111.410    15.000
   35.313  -111.410    15.000
   35.313  -111.410    15.000
   35.313  -111.410    15.000
   55.599  -114.376    15.000
   55.599  -114.376    15.000
   55.599  -114.376    15.000
   55.599  -114.376    15.000
   55.599  -114.376    15.000
   59.336  -112.329    15.000
   59.336  -112.329    15.000
   59.336  -112.329    15.000
   59.336  -112.329    15.000
   59.336  -112.329    15.000
   59.357  -112.393    15.000
   59.357  -112.393    15.000
   59.357  -112.393    15.000
   59.357  -112.393    15.000
   59.357  -112.393    15.000
   59.555  -117.052    15.000
   59.555  -117.052    15.000
   59.555  -117.052    15.000
   59.555  -117.052    15.000
   59.555  -117.052    15.000
   59.561  -117.131    15.000
   59.561  -117.131    15.000
   59.561  -117.131    15.000
   59.561  -117.131    15.000
   59.561  -117.131    15.000
   55.997  -114.233    15.000
   55.997  -114.233    15.000
   55.997  -114.233    15.000
   55.997  -114.233    15.000
   55.997  -114.233    15.000
   56.012  -114.267    15.000
   56.012  -114.267    15.000
   56.012  -114.267    15.000
   56.012  -114.267    15.000
   56.012  -114.267    15.000
   55.828  -114.048    15.000
   55.828  -114.048    15.000
   55.828  -114.048    15.000
   55.828  -114.048    15.000
   55.828  -114.048    15.000
   49.132   -90.126    15.000
   49.132   -90.126    15.000
   49.132   -90.126    15.000
   49.132   -90.126    15.000
   49.132   -90.126    15.000
   59.523  -117.118    15.000
   59.523  -117.118    15.000
   59.523  -117.118    15.000
   59.523  -117.118    15.000
   59.523  -117.118    15.000
   58.175  -117.492    15.000
   58.175  -117.492    15.000
   58.175  -117.492    15.000
   58.175  -117.492    15.000
   58.175  -117.492    15.000
   58.221  -117.209    15.000
   58.221  -117.209    15.000
   58.221  -117.209    15.000
   58.221  -117.209    15.000
   58.221  -117.209    15.000
   57.060  -117.808    15.000
   57.060  -117.808    15.000
   57.060  -117.808    15.000
   57.060  -117.808    15.000
   57.060  -117.808    15.000
   56.261  -114.358    15.000
   56.261  -114.358    15.000
   56.261  -114.358    15.000
   56.261  -114.358    15.000
   56.261  -114.358    15.000
   57.788  -125.527    15.000
   57.788  -125.527    15.000
   57.788  -125.527    15.000
   57.788  -125.527    15.000
   57.788  -125.527    15.000
   55.888  -114.796    15.000
   55.888  -114.796    15.000
   55.888  -114.796    15.000
   55.888  -114.796    15.000
   55.888  -114.796    15.000
   57.930  -117.322    15.000
   57.930  -117.322    15.000
   57.930  -117.322    15.000
   57.930  -117.322    15.000
   57.930  -117.322    15.000
   58.094  -117.398    15.000
   58.094  -117.398    15.000
   58.094  -117.398    15.000
   58.094  -117.398    15.000
   58.094  -117.398    15.000
   50.433   -99.179    15.000
   50.433   -99.179    15.000
   50.433   -99.179    15.000
   50.433   -99.179    15.000
   50.433   -99.179    15.000
   51.690  -120.506    15.000
   51.690  -120.506    15.000
   51.690  -120.506    15.000
   51.690  -120.506    15.000
   51.690  -120.506    15.000
   49.314   -96.650    15.000
   49.314   -96.650    15.000
   49.314   -96.650    15.000
   49.314   -96.650    15.000
   49.314   -96.650    15.000
   50.618   -98.810    15.000
   50.618   -98.810    15.000
   50.618   -98.810    15.000
   50.618   -98.810    15.000
   50.618   -98.810    15.000
   49.960  -100.959    15.000
   49.960  -100.959    15.000
   49.960  -100.959    15.000
   49.960  -100.959    15.000
   49.960  -100.959    15.000
   52.015  -112.985    15.000
   52.015  -112.985    15.000
   52.015  -112.985    15.000
   52.015  -112.985    15.000
   52.015  -112.985    15.000
   50.882  -104.608    15.000
   50.882  -104.608    15.000
   50.882  -104.608    15.000
   50.882  -104.608    15.000
   50.882  -104.608    15.000
   50.950  -104.466    15.000
   50.950  -104.466    15.000
   50.950  -104.466    15.000
   50.950  -104.466    15.000
   50.950  -104.466    15.000
   51.149  -103.219    15.000
   51.149  -103.219    15.000
   51.149  -103.219    15.000
   51.149  -103.219    15.000
   51.149  -103.219    15.000
   51.858  -105.421    15.000
   51.858  -105.421    15.000
   51.858  -105.421    15.000
   51.858  -105.421    15.000
   51.858  -105.421    15.000
   49.576  -102.559    15.000
   49.576  -102.559    15.000
   49.576  -102.559    15.000
   49.576  -102.559    15.000
   49.576  -102.559    15.000
   51.402  -104.906    15.000
   51.402  -104.906    15.000
   51.402  -104.906    15.000
   51.402  -104.906    15.000
   51.402  -104.906    15.000
   51.979  -105.851    15.000
   51.979  -105.851    15.000
   51.979  -105.851    15.000
   51.979  -105.851    15.000
   51.979  -105.851    15.000
   51.223  -103.647    15.000
   51.223  -103.647    15.000
   51.223  -103.647    15.000
   51.223  -103.647    15.000
   51.223  -103.647    15.000
   49.396  -101.495    15.000
   49.396  -101.495    15.000
   49.396  -101.495    15.000
   49.396  -101.495    15.000
   49.396  -101.495    15.000
   49.287  -101.489    15.000
   49.287  -101.489    15.000
   49.287  -101.489    15.000
   49.287  -101.489    15.000
   49.287  -101.489    15.000
   43.301   -79.945    15.000
   43.301   -79.945    15.000
   43.301   -79.945    15.000
   43.301   -79.945    15.000
   43.301   -79.945    15.000
   49.312   -99.170    15.000
   49.312   -99.170    15.000
   49.312   -99.170    15.000
   49.312   -99.170    15.000
   49.312   -99.170    15.000
   55.071  -110.533    15.000
   55.071  -110.533    15.000
   55.071  -110.533    15.000
   55.071  -110.533    15.000
   55.071  -110.533    15.000
   49.382  -101.908    15.000
   49.382  -101.908    15.000
   49.382  -101.908    15.000
   49.382  -101.908    15.000
   49.382  -101.908    15.000
   50.913  -103.012    15.000
   50.913  -103.012    15.000
   50.913  -103.012    15.000
   50.913  -103.012    15.000
   50.913  -103.012    15.000
   60.301  -126.056    15.000
   60.301  -126.056    15.000
   60.301  -126.056    15.000
   60.301  -126.056    15.000
   60.301  -126.056    15.000
   35.857  -106.618    15.000
   35.857  -106.618    15.000
   35.857  -106.618    15.000
   35.857  -106.618    15.000
   35.857  -106.618    15.000
   41.683   -85.702    15.000
   41.683   -85.702    15.000
   41.683   -85.702    15.000
   41.683   -85.702    15.000
   41.683   -85.702    15.000
   43.862  -123.646    15.000
   43.862  -123.646    15.000
   43.862  -123.646    15.000
   43.862  -123.646    15.000
   43.862  -123.646    15.000
   25.334  -107.685    15.000
   25.334  -107.685    15.000
   25.334  -107.685    15.000
   25.334  -107.685    15.000
   25.334  -107.685    15.000
   46.150   -98.462    15.000
   46.150   -98.462    15.000
   46.150   -98.462    15.000
   46.150   -98.462    15.000
   46.150   -98.462    15.000
   46.374   -96.980    15.000
   46.374   -96.980    15.000
   46.374   -96.980    15.000
   46.374   -96.980    15.000
   46.374   -96.980    15.000
   32.724  -105.524    15.000
   32.724  -105.524    15.000
   32.724  -105.524    15.000
   32.724  -105.524    15.000
   32.724  -105.524    15.000
   33.515  -108.064    15.000
   33.515  -108.064    15.000
   33.515  -108.064    15.000
   33.515  -108.064    15.000
   33.515  -108.064    15.000
   33.498   -88.833    15.000
   33.498   -88.833    15.000
   33.498   -88.833    15.000
   33.498   -88.833    15.000
   33.498   -88.833    15.000
   31.459   -84.812    15.000
   31.459   -84.812    15.000
   31.459   -84.812    15.000
   31.459   -84.812    15.000
   31.459   -84.812    15.000
   33.016   -82.275    15.000
   33.016   -82.275    15.000
   33.016   -82.275    15.000
   33.016   -82.275    15.000
   33.016   -82.275    15.000
   41.131   -85.489    15.000
   41.131   -85.489    15.000
   41.131   -85.489    15.000
   41.131   -85.489    15.000
   41.131   -85.489    15.000
   41.414   -85.963    15.000
   41.414   -85.963    15.000
   41.414   -85.963    15.000
   41.414   -85.963    15.000
   41.414   -85.963    15.000
   43.383   -85.473    15.000
   43.383   -85.473    15.000
   43.383   -85.473    15.000
   43.383   -85.473    15.000
   43.383   -85.473    15.000
   47.327   -97.532    15.000
   47.327   -97.532    15.000
   47.327   -97.532    15.000
   47.327   -97.532    15.000
   47.327   -97.532    15.000
   47.579   -97.341    15.000
   47.579   -97.341    15.000
   47.579   -97.341    15.000
   47.579   -97.341    15.000
   47.579   -97.341    15.000
   47.588   -97.384    15.000
   47.588   -97.384    15.000
   47.588   -97.384    15.000
   47.588   -97.384    15.000
   47.588   -97.384    15.000
   47.204   -98.426    15.000
   47.204   -98.426    15.000
   47.204   -98.426    15.000
   47.204   -98.426    15.000
   47.204   -98.426    15.000
   47.412   -97.655    15.000
   47.412   -97.655    15.000
   47.412   -97.655    15.000
   47.412   -97.655    15.000
   47.412   -97.655    15.000
   46.735   -97.814    15.000
   46.735   -97.814    15.000
   46.735   -97.814    15.000
   46.735   -97.814    15.000
   46.735   -97.814    15.000
   48.960  -102.366    15.000
   48.960  -102.366    15.000
   48.960  -102.366    15.000
   48.960  -102.366    15.000
   48.960  -102.366    15.000
   29.402  -107.893    15.000
   29.402  -107.893    15.000
   29.402  -107.893    15.000
   29.402  -107.893    15.000
   29.402  -107.893    15.000
   39.973   -84.211    15.000
   39.973   -84.211    15.000
   39.973   -84.211    15.000
   39.973   -84.211    15.000
   39.973   -84.211    15.000
   46.012   -97.149    15.000
   46.012   -97.149    15.000
   46.012   -97.149    15.000
   46.012   -97.149    15.000
   46.012   -97.149    15.000
   47.255   -96.811    15.000
   47.255   -96.811    15.000
   47.255   -96.811    15.000
   47.255   -96.811    15.000
   47.255   -96.811    15.000
   47.271   -95.904    15.000
   47.271   -95.904    15.000
   47.271   -95.904    15.000
   47.271   -95.904    15.000
   47.271   -95.904    15.000
   46.117   -94.306    15.000
   46.117   -94.306    15.000
   46.117   -94.306    15.000
   46.117   -94.306    15.000
   46.117   -94.306    15.000
   46.332   -96.395    15.000
   46.332   -96.395    15.000
   46.332   -96.395    15.000
   46.332   -96.395    15.000
   46.332   -96.395    15.000
   36.795   -90.090    15.000
   36.795   -90.090    15.000
   36.795   -90.090    15.000
   36.795   -90.090    15.000
   36.795   -90.090    15.000
   36.932   -89.622    15.000
   36.932   -89.622    15.000
   36.932   -89.622    15.000
   36.932   -89.622    15.000
   36.932   -89.622    15.000
   34.443   -91.699    15.000
   34.443   -91.699    15.000
   34.443   -91.699    15.000
   34.443   -91.699    15.000
   34.443   -91.699    15.000
   43.694   -86.505    15.000
   43.694   -86.505    15.000
   43.694   -86.505    15.000
   43.694   -86.505    15.000
   43.694   -86.505    15.000
   47.561   -96.722    15.000
   47.561   -96.722    15.000
   47.561   -96.722    15.000
   47.561   -96.722    15.000
   47.561   -96.722    15.000
   47.650   -96.444    15.000
   47.650   -96.444    15.000
   47.650   -96.444    15.000
   47.650   -96.444    15.000
   47.650   -96.444    15.000
   45.774   -99.321    15.000
   45.774   -99.321    15.000
   45.774   -99.321    15.000
   45.774   -99.321    15.000
   45.774   -99.321    15.000
   45.033   -95.958    15.000
   45.033   -95.958    15.000
   45.033   -95.958    15.000
   45.033   -95.958    15.000
   45.033   -95.958    15.000
   45.261   -95.586    15.000
   45.261   -95.586    15.000
   45.261   -95.586    15.000
   45.261   -95.586    15.000
   45.261   -95.586    15.000
   32.328   -87.361    15.000
   32.328   -87.361    15.000
   32.328   -87.361    15.000
   32.328   -87.361    15.000
   32.328   -87.361    15.000
   32.081   -87.162    15.000
   32.081   -87.162    15.000
   32.081   -87.162    15.000
   32.081   -87.162    15.000
   32.081   -87.162    15.000
   30.163   -92.343    15.000
   30.163   -92.343    15.000
   30.163   -92.343    15.000
   30.163   -92.343    15.000
   30.163   -92.343    15.000
   55.970  -114.211    15.000
   55.970  -114.211    15.000
   55.970  -114.211    15.000
   55.970  -114.211    15.000
   55.970  -114.211    15.000
   59.305  -112.373    15.000
   59.305  -112.373    15.000
   59.305  -112.373    15.000
   59.305  -112.373    15.000
   59.305  -112.373    15.000
   56.127  -114.391    15.000
   56.127  -114.391    15.000
   56.127  -114.391    15.000
   56.127  -114.391    15.000
   56.127  -114.391    15.000
   57.250  -117.944    15.000
   57.250  -117.944    15.000
   57.250  -117.944    15.000
   57.250  -117.944    15.000
   57.250  -117.944    15.000
   56.149  -114.312    15.000
   56.149  -114.312    15.000
   56.149  -114.312    15.000
   56.149  -114.312    15.000
   56.149  -114.312    15.000
   26.101  -107.068    15.000
   26.101  -107.068    15.000
   26.101  -107.068    15.000
   26.101  -107.068    15.000
   26.101  -107.068    15.000
   26.079  -107.965    15.000
   26.079  -107.965    15.000
   26.079  -107.965    15.000
   26.079  -107.965    15.000
   26.079  -107.965    15.000
   55.830  -114.698    15.000
   55.830  -114.698    15.000
   55.830  -114.698    15.000
   55.830  -114.698    15.000
   55.830  -114.698    15.000
   56.022  -114.694    15.000
   56.022  -114.694    15.000
   56.022  -114.694    15.000
   56.022  -114.694    15.000
   56.022  -114.694    15.000
   56.002  -114.648    15.000
   56.002  -114.648    15.000
   56.002  -114.648    15.000
   56.002  -114.648    15.000
   56.002  -114.648    15.000
   35.317   -88.317    15.000
   35.317   -88.317    15.000
   35.317   -88.317    15.000
   35.317   -88.317    15.000
   35.317   -88.317    15.000
   47.211   -97.737    15.000
   47.211   -97.737    15.000
   47.211   -97.737    15.000
   47.211   -97.737    15.000
   47.211   -97.737    15.000
   33.230   -88.544    15.000
   33.230   -88.544    15.000
   33.230   -88.544    15.000
   33.230   -88.544    15.000
   33.230   -88.544    15.000
   36.322   -94.254    15.000
   36.322   -94.254    15.000
   36.322   -94.254    15.000
   36.322   -94.254    15.000
   36.322   -94.254    15.000
   60.283  -126.135    15.000
   60.283  -126.135    15.000
   60.283  -126.135    15.000
   60.283  -126.135    15.000
   60.283  -126.135    15.000
   59.640  -117.077    15.000
   59.640  -117.077    15.000
   59.640  -117.077    15.000
   59.640  -117.077    15.000
   59.640  -117.077    15.000
   33.013   -79.882    15.000
   33.013   -79.882    15.000
   33.013   -79.882    15.000
   33.013   -79.882    15.000
   33.013   -79.882    15.000
   35.300  -111.440    15.000
   35.300  -111.440    15.000
   35.300  -111.440    15.000
   35.300  -111.440    15.000
   35.300  -111.440    15.000
   31.803   -86.158    15.000
   31.803   -86.158    15.000
   31.803   -86.158    15.000
   31.803   -86.158    15.000
   31.803   -86.158    15.000
   41.484   -90.830    15.000
   41.484   -90.830    15.000
   41.484   -90.830    15.000
   41.484   -90.830    15.000
   41.484   -90.830    15.000
   34.743   -96.295    15.000
   34.743   -96.295    15.000
   34.743   -96.295    15.000
   34.743   -96.295    15.000
   34.743   -96.295    15.000
   34.280   -94.854    15.000
   34.280   -94.854    15.000
   34.280   -94.854    15.000
   34.280   -94.854    15.000
   34.280   -94.854    15.000
   59.305  -112.537    15.000
   59.305  -112.537    15.000
   59.305  -112.537    15.000
   59.305  -112.537    15.000
   59.305  -112.537    15.000
   58.104  -117.480    15.000
   58.104  -117.480    15.000
   58.104  -117.480    15.000
   58.104  -117.480    15.000
   58.104  -117.480    15.000
   58.214  -117.686    15.000
   58.214  -117.686    15.000
   58.214  -117.686    15.000
   58.214  -117.686    15.000
   58.214  -117.686    15.000
   56.413  -114.388    15.000
   56.413  -114.388    15.000
   56.413  -114.388    15.000
   56.413  -114.388    15.000
   56.413  -114.388    15.000
   57.168  -117.714    15.000
   57.168  -117.714    15.000
   57.168  -117.714    15.000
   57.168  -117.714    15.000
   57.168  -117.714    15.000
   57.919  -117.221    15.000
   57.919  -117.221    15.000
   57.919  -117.221    15.000
   57.919  -117.221    15.000
   57.919  -117.221    15.000
   55.926  -114.815    15.000
   55.926  -114.815    15.000
   55.926  -114.815    15.000
   55.926  -114.815    15.000
   55.926  -114.815    15.000
   55.770  -114.283    15.000
   55.770  -114.283    15.000
   55.770  -114.283    15.000
   55.770  -114.283    15.000
   55.770  -114.283    15.000
   58.025  -117.400    15.000
   58.025  -117.400    15.000
   58.025  -117.400    15.000
   58.025  -117.400    15.000
   58.025  -117.400    15.000
   59.813  -124.295    15.000
   59.813  -124.295    15.000
   59.813  -124.295    15.000
   59.813  -124.295    15.000
   59.813  -124.295    15.000
   56.260  -114.130    15.000
   56.260  -114.130    15.000
   56.260  -114.130    15.000
   56.260  -114.130    15.000
   56.260  -114.130    15.000
   42.822   -85.677    15.000
   42.822   -85.677    15.000
   42.822   -85.677    15.000
   42.822   -85.677    15.000
   42.822   -85.677    15.000
   26.325  -107.319    15.000
   26.325  -107.319    15.000
   26.325  -107.319    15.000
   26.325  -107.319    15.000
   26.325  -107.319    15.000
   58.911  -127.350    15.000
   58.911  -127.350    15.000
   58.911  -127.350    15.000
   58.911  -127.350    15.000
   58.911  -127.350    15.000
   56.318  -114.206    15.000
   56.318  -114.206    15.000
   56.318  -114.206    15.000
   56.318  -114.206    15.000
   56.318  -114.206    15.000
   56.449  -114.319    15.000
   56.449  -114.319    15.000
   56.449  -114.319    15.000
   56.449  -114.319    15.000
   56.449  -114.319    15.000
   59.099  -112.124    15.000
   59.099  -112.124    15.000
   59.099  -112.124    15.000
   59.099  -112.124    15.000
   59.099  -112.124    15.000
   47.380   -96.994    15.000
   47.380   -96.994    15.000
   47.380   -96.994    15.000
   47.380   -96.994    15.000
   47.380   -96.994    15.000
   48.336   -98.871    15.000
   48.336   -98.871    15.000
   48.336   -98.871    15.000
   48.336   -98.871    15.000
   48.336   -98.871    15.000
   47.440   -95.853    15.000
   47.440   -95.853    15.000
   47.440   -95.853    15.000
   47.440   -95.853    15.000
   47.440   -95.853    15.000
   47.445   -96.168    15.000
   47.445   -96.168    15.000
   47.445   -96.168    15.000
   47.445   -96.168    15.000
   47.445   -96.168    15.000
   47.469   -96.444    15.000
   47.469   -96.444    15.000
   47.469   -96.444    15.000
   47.469   -96.444    15.000
   47.469   -96.444    15.000
   46.366   -98.903    15.000
   46.366   -98.903    15.000
   46.366   -98.903    15.000
   46.366   -98.903    15.000
   46.366   -98.903    15.000
   48.582   -97.278    15.000
   48.582   -97.278    15.000
   48.582   -97.278    15.000
   48.582   -97.278    15.000
   48.582   -97.278    15.000
   48.588   -98.111    15.000
   48.588   -98.111    15.000
   48.588   -98.111    15.000
   48.588   -98.111    15.000
   48.588   -98.111    15.000
   44.463   -88.101    15.000
   44.463   -88.101    15.000
   44.463   -88.101    15.000
   44.463   -88.101    15.000
   44.463   -88.101    15.000
   33.418  -110.866    15.000
   33.418  -110.866    15.000
   33.418  -110.866    15.000
   33.418  -110.866    15.000
   33.418  -110.866    15.000
   57.957  -117.060    15.000
   57.957  -117.060    15.000
   57.957  -117.060    15.000
   57.957  -117.060    15.000
   57.957  -117.060    15.000
   57.104  -117.761    15.000
   57.104  -117.761    15.000
   57.104  -117.761    15.000
   57.104  -117.761    15.000
   57.104  -117.761    15.000
   56.938  -117.810    15.000
   56.938  -117.810    15.000
   56.938  -117.810    15.000
   56.938  -117.810    15.000
   56.938  -117.810    15.000
   57.191  -117.748    15.000
   57.191  -117.748    15.000
   57.191  -117.748    15.000
   57.191  -117.748    15.000
   57.191  -117.748    15.000
   58.137  -117.606    15.000
   58.137  -117.606    15.000
   58.137  -117.606    15.000
   58.137  -117.606    15.000
   58.137  -117.606    15.000
   25.260  -107.065    15.000
   25.260  -107.065    15.000
   25.260  -107.065    15.000
   25.260  -107.065    15.000
   25.260  -107.065    15.000
   25.449  -107.574    15.000
   25.449  -107.574    15.000
   25.449  -107.574    15.000
   25.449  -107.574    15.000
   25.449  -107.574    15.000
   25.645  -107.430    15.000
   25.645  -107.430    15.000
   25.645  -107.430    15.000
   25.645  -107.430    15.000
   25.645  -107.430    15.000
   27.817  -108.459    15.000
   27.817  -108.459    15.000
   27.817  -108.459    15.000
   27.817  -108.459    15.000
   27.817  -108.459    15.000
   27.959  -108.063    15.000
   27.959  -108.063    15.000
   27.959  -108.063    15.000
   27.959  -108.063    15.000
   27.959  -108.063    15.000
   26.136  -107.884    15.000
   26.136  -107.884    15.000
   26.136  -107.884    15.000
   26.136  -107.884    15.000
   26.136  -107.884    15.000
   25.975  -107.750    15.000
   25.975  -107.750    15.000
   25.975  -107.750    15.000
   25.975  -107.750    15.000
   25.975  -107.750    15.000
   37.055   -77.169    15.000
   37.055   -77.169    15.000
   37.055   -77.169    15.000
   37.055   -77.169    15.000
   37.055   -77.169    15.000
   46.576   -98.889    15.000
   46.576   -98.889    15.000
   46.576   -98.889    15.000
   46.576   -98.889    15.000
   46.576   -98.889    15.000
   30.801   -90.377    15.000
   30.801   -90.377    15.000
   30.801   -90.377    15.000
   30.801   -90.377    15.000
   30.801   -90.377    15.000
   32.719   -93.032    15.000
   32.719   -93.032    15.000
   32.719   -93.032    15.000
   32.719   -93.032    15.000
   32.719   -93.032    15.000
   32.820   -93.616    15.000
   32.820   -93.616    15.000
   32.820   -93.616    15.000
   32.820   -93.616    15.000
   32.820   -93.616    15.000
   34.532  -112.545    15.000
   34.532  -112.545    15.000
   34.532  -112.545    15.000
   34.532  -112.545    15.000
   34.532  -112.545    15.000
   35.824  -120.775    15.000
   35.824  -120.775    15.000
   35.824  -120.775    15.000
   35.824  -120.775    15.000
   35.824  -120.775    15.000
   59.481  -117.344    15.000
   59.481  -117.344    15.000
   59.481  -117.344    15.000
   59.481  -117.344    15.000
   59.481  -117.344    15.000
   55.802  -114.318    15.000
   55.802  -114.318    15.000
   55.802  -114.318    15.000
   55.802  -114.318    15.000
   55.802  -114.318    15.000
   56.213  -114.230    15.000
   56.213  -114.230    15.000
   56.213  -114.230    15.000
   56.213  -114.230    15.000
   56.213  -114.230    15.000
   58.178  -117.612    15.000
   58.178  -117.612    15.000
   58.178  -117.612    15.000
   58.178  -117.612    15.000
   58.178  -117.612    15.000
   44.677   -97.338    15.000
   44.677   -97.338    15.000
   44.677   -97.338    15.000
   44.677   -97.338    15.000
   44.677   -97.338    15.000
   45.676   -88.309    15.000
   45.676   -88.309    15.000
   45.676   -88.309    15.000
   45.676   -88.309    15.000
   45.676   -88.309    15.000
   37.402   -94.656    15.000
   37.402   -94.656    15.000
   37.402   -94.656    15.000
   37.402   -94.656    15.000
   37.402   -94.656    15.000
   37.352   -96.336    15.000
   37.352   -96.336    15.000
   37.352   -96.336    15.000
   37.352   -96.336    15.000
   37.352   -96.336    15.000
   44.696   -95.790    15.000
   44.696   -95.790    15.000
   44.696   -95.790    15.000
   44.696   -95.790    15.000
   44.696   -95.790    15.000
   47.106   -96.094    15.000
   47.106   -96.094    15.000
   47.106   -96.094    15.000
   47.106   -96.094    15.000
   47.106   -96.094    15.000
   47.110   -96.749    15.000
   47.110   -96.749    15.000
   47.110   -96.749    15.000
   47.110   -96.749    15.000
   47.110   -96.749    15.000
   45.816   -96.038    15.000
   45.816   -96.038    15.000
   45.816   -96.038    15.000
   45.816   -96.038    15.000
   45.816   -96.038    15.000
   32.213   -86.728    15.000
   32.213   -86.728    15.000
   32.213   -86.728    15.000
   32.213   -86.728    15.000
   32.213   -86.728    15.000
   36.907   -89.580    15.000
   36.907   -89.580    15.000
   36.907   -89.580    15.000
   36.907   -89.580    15.000
   36.907   -89.580    15.000
   33.844   -89.174    15.000
   33.844   -89.174    15.000
   33.844   -89.174    15.000
   33.844   -89.174    15.000
   33.844   -89.174    15.000
   33.988   -88.876    15.000
   33.988   -88.876    15.000
   33.988   -88.876    15.000
   33.988   -88.876    15.000
   33.988   -88.876    15.000
   33.865   -89.297    15.000
   33.865   -89.297    15.000
   33.865   -89.297    15.000
   33.865   -89.297    15.000
   33.865   -89.297    15.000
   58.994  -127.399    15.000
   58.994  -127.399    15.000
   58.994  -127.399    15.000
   58.994  -127.399    15.000
   58.994  -127.399    15.000
   48.352  -112.231    15.000
   48.352  -112.231    15.000
   48.352  -112.231    15.000
   48.352  -112.231    15.000
   48.352  -112.231    15.000
   34.726   -88.247    15.000
   34.726   -88.247    15.000
   34.726   -88.247    15.000
   34.726   -88.247    15.000
   34.726   -88.247    15.000
   34.666   -90.056    15.000
   34.666   -90.056    15.000
   34.666   -90.056    15.000
   34.666   -90.056    15.000
   34.666   -90.056    15.000
   55.847  -114.302    15.000
   55.847  -114.302    15.000
   55.847  -114.302    15.000
   55.847  -114.302    15.000
   55.847  -114.302    15.000
   31.484   -92.936    15.000
   31.484   -92.936    15.000
   31.484   -92.936    15.000
   31.484   -92.936    15.000
   31.484   -92.936    15.000
   26.320   -98.272    15.000
   26.320   -98.272    15.000
   26.320   -98.272    15.000
   26.320   -98.272    15.000
   26.320   -98.272    15.000
   51.816   -93.864    15.000
   51.816   -93.864    15.000
   51.816   -93.864    15.000
   51.816   -93.864    15.000
   51.816   -93.864    15.000
   39.922  -122.043    15.000
   39.922  -122.043    15.000
   39.922  -122.043    15.000
   39.922  -122.043    15.000
   39.922  -122.043    15.000
   58.219  -117.630    15.000
   58.219  -117.630    15.000
   58.219  -117.630    15.000
   58.219  -117.630    15.000
   58.219  -117.630    15.000
   55.713  -114.280    15.000
   55.713  -114.280    15.000
   55.713  -114.280    15.000
   55.713  -114.280    15.000
   55.713  -114.280    15.000
   58.274  -117.726    15.000
   58.274  -117.726    15.000
   58.274  -117.726    15.000
   58.274  -117.726    15.000
   58.274  -117.726    15.000
   47.436   -92.167    15.000
   47.436   -92.167    15.000
   47.436   -92.167    15.000
   47.436   -92.167    15.000
   47.436   -92.167    15.000
   59.153  -113.930    15.000
   59.153  -113.930    15.000
   59.153  -113.930    15.000
   59.153  -113.930    15.000
   59.153  -113.930    15.000
   26.057  -106.729    15.000
   26.057  -106.729    15.000
   26.057  -106.729    15.000
   26.057  -106.729    15.000
   26.057  -106.729    15.000
   26.977  -107.989    15.000
   26.977  -107.989    15.000
   26.977  -107.989    15.000
   26.977  -107.989    15.000
   26.977  -107.989    15.000
   34.248  -110.114    15.000
   34.248  -110.114    15.000
   34.248  -110.114    15.000
   34.248  -110.114    15.000
   34.248  -110.114    15.000
   25.726  -106.893    15.000
   25.726  -106.893    15.000
   25.726  -106.893    15.000
   25.726  -106.893    15.000
   25.726  -106.893    15.000
   56.053  -114.271    15.000
   56.053  -114.271    15.000
   56.053  -114.271    15.000
   56.053  -114.271    15.000
   56.053  -114.271    15.000
   58.205  -117.341    15.000
   58.205  -117.341    15.000
   58.205  -117.341    15.000
   58.205  -117.341    15.000
   58.205  -117.341    15.000
   59.312  -112.469    15.000
   59.312  -112.469    15.000
   59.312  -112.469    15.000
   59.312  -112.469    15.000
   59.312  -112.469    15.000
   56.422  -114.162    15.000
   56.422  -114.162    15.000
   56.422  -114.162    15.000
   56.422  -114.162    15.000
   56.422  -114.162    15.000
   57.130  -117.794    15.000
   57.130  -117.794    15.000
   57.130  -117.794    15.000
   57.130  -117.794    15.000
   57.130  -117.794    15.000
   43.018   -85.731    15.000
   43.018   -85.731    15.000
   43.018   -85.731    15.000
   43.018   -85.731    15.000
   43.018   -85.731    15.000
   43.174   -75.314    15.000
   43.174   -75.314    15.000
   43.174   -75.314    15.000
   43.174   -75.314    15.000
   43.174   -75.314    15.000
   46.034   -88.232    15.000
   46.034   -88.232    15.000
   46.034   -88.232    15.000
   46.034   -88.232    15.000
   46.034   -88.232    15.000
   59.582  -117.513    15.000
   59.582  -117.513    15.000
   59.582  -117.513    15.000
   59.582  -117.513    15.000
   59.582  -117.513    15.000
   44.838   -97.459    15.000
   44.838   -97.459    15.000
   44.838   -97.459    15.000
   44.838   -97.459    15.000
   44.838   -97.459    15.000
   41.713   -88.364    15.000
   41.713   -88.364    15.000
   41.713   -88.364    15.000
   41.713   -88.364    15.000
   41.713   -88.364    15.000
   46.972   -97.778    15.000
   46.972   -97.778    15.000
   46.972   -97.778    15.000
   46.972   -97.778    15.000
   46.972   -97.778    15.000
   47.177   -97.457    15.000
   47.177   -97.457    15.000
   47.177   -97.457    15.000
   47.177   -97.457    15.000
   47.177   -97.457    15.000
   47.249   -97.468    15.000
   47.249   -97.468    15.000
   47.249   -97.468    15.000
   47.249   -97.468    15.000
   47.249   -97.468    15.000
   59.216  -112.366    15.000
   59.216  -112.366    15.000
   59.216  -112.366    15.000
   59.216  -112.366    15.000
   59.216  -112.366    15.000
   60.295  -126.012    15.000
   60.295  -126.012    15.000
   60.295  -126.012    15.000
   60.295  -126.012    15.000
   60.295  -126.012    15.000
   30.935   -88.016    15.000
   30.935   -88.016    15.000
   30.935   -88.016    15.000
   30.935   -88.016    15.000
   30.935   -88.016    15.000
   40.641   -89.638    15.000
   40.641   -89.638    15.000
   40.641   -89.638    15.000
   40.641   -89.638    15.000
   40.641   -89.638    15.000
   30.745   -96.439    15.000
   30.745   -96.439    15.000
   30.745   -96.439    15.000
   30.745   -96.439    15.000
   30.745   -96.439    15.000
   58.647  -117.634    15.000
   58.647  -117.634    15.000
   58.647  -117.634    15.000
   58.647  -117.634    15.000
   58.647  -117.634    15.000
   48.236   -95.466    15.000
   48.236   -95.466    15.000
   48.236   -95.466    15.000
   48.236   -95.466    15.000
   48.236   -95.466    15.000
   27.624   -81.067    15.000
   27.624   -81.067    15.000
   27.624   -81.067    15.000
   27.624   -81.067    15.000
   27.624   -81.067    15.000
   59.571  -128.685    15.000
   59.571  -128.685    15.000
   59.571  -128.685    15.000
   59.571  -128.685    15.000
   59.571  -128.685    15.000
   59.371  -112.335    15.000
   59.371  -112.335    15.000
   59.371  -112.335    15.000
   59.371  -112.335    15.000
   59.371  -112.335    15.000
   41.666   -88.070    15.000
   41.666   -88.070    15.000
   41.666   -88.070    15.000
   41.666   -88.070    15.000
   41.666   -88.070    15.000
   26.954  -107.321    15.000
   26.954  -107.321    15.000
   26.954  -107.321    15.000
   26.954  -107.321    15.000
   26.954  -107.321    15.000
   28.937  -109.399    15.000
   28.937  -109.399    15.000
   28.937  -109.399    15.000
   28.937  -109.399    15.000
   28.937  -109.399    15.000
   30.493  -109.635    15.000
   30.493  -109.635    15.000
   30.493  -109.635    15.000
   30.493  -109.635    15.000
   30.493  -109.635    15.000
   30.955  -111.936    15.000
   30.955  -111.936    15.000
   30.955  -111.936    15.000
   30.955  -111.936    15.000
   30.955  -111.936    15.000
   26.892  -108.584    15.000
   26.892  -108.584    15.000
   26.892  -108.584    15.000
   26.892  -108.584    15.000
   26.892  -108.584    15.000
   51.755   -93.949    15.000
   51.755   -93.949    15.000
   51.755   -93.949    15.000
   51.755   -93.949    15.000
   51.755   -93.949    15.000
   56.295  -114.106    15.000
   56.295  -114.106    15.000
   56.295  -114.106    15.000
   56.295  -114.106    15.000
   56.295  -114.106    15.000
   25.476  -107.065    15.000
   25.476  -107.065    15.000
   25.476  -107.065    15.000
   25.476  -107.065    15.000
   25.476  -107.065    15.000
   25.224  -107.336    15.000
   25.224  -107.336    15.000
   25.224  -107.336    15.000
   25.224  -107.336    15.000
   25.224  -107.336    15.000
   25.755  -107.704    15.000
   25.755  -107.704    15.000
   25.755  -107.704    15.000
   25.755  -107.704    15.000
   25.755  -107.704    15.000
   30.818   -98.208    15.000
   30.818   -98.208    15.000
   30.818   -98.208    15.000
   30.818   -98.208    15.000
   30.818   -98.208    15.000
   34.961   -96.127    15.000
   34.961   -96.127    15.000
   34.961   -96.127    15.000
   34.961   -96.127    15.000
   34.961   -96.127    15.000
   35.033   -96.239    15.000
   35.033   -96.239    15.000
   35.033   -96.239    15.000
   35.033   -96.239    15.000
   35.033   -96.239    15.000
   36.220  -105.778    15.000
   36.220  -105.778    15.000
   36.220  -105.778    15.000
   36.220  -105.778    15.000
   36.220  -105.778    15.000
   33.002  -110.768    15.000
   33.002  -110.768    15.000
   33.002  -110.768    15.000
   33.002  -110.768    15.000
   33.002  -110.768    15.000
   42.333   -85.281    15.000
   42.333   -85.281    15.000
   42.333   -85.281    15.000
   42.333   -85.281    15.000
   42.333   -85.281    15.000
   32.698   -87.945    15.000
   32.698   -87.945    15.000
   32.698   -87.945    15.000
   32.698   -87.945    15.000
   32.698   -87.945    15.000
   54.863  -124.438    15.000
   54.863  -124.438    15.000
   54.863  -124.438    15.000
   54.863  -124.438    15.000
   54.863  -124.438    15.000
   56.377  -114.084    15.000
   56.377  -114.084    15.000
   56.377  -114.084    15.000
   56.377  -114.084    15.000
   56.377  -114.084    15.000
   56.130  -114.251    15.000
   56.130  -114.251    15.000
   56.130  -114.251    15.000
   56.130  -114.251    15.000
   56.130  -114.251    15.000
   55.889  -114.020    15.000
   55.889  -114.020    15.000
   55.889  -114.020    15.000
   55.889  -114.020    15.000
   55.889  -114.020    15.000
   55.945  -114.139    15.000
   55.945  -114.139    15.000
   55.945  -114.139    15.000
   55.945  -114.139    15.000
   55.945  -114.139    15.000
   59.144  -113.882    15.000
   59.144  -113.882    15.000
   59.144  -113.882    15.000
   59.144  -113.882    15.000
   59.144  -113.882    15.000
   59.614  -117.461    15.000
   59.614  -117.461    15.000
   59.614  -117.461    15.000
   59.614  -117.461    15.000
   59.614  -117.461    15.000
   55.805  -114.113    15.000
   55.805  -114.113    15.000
   55.805  -114.113    15.000
   55.805  -114.113    15.000
   55.805  -114.113    15.000
   48.501  -120.124    15.000
   48.501  -120.124    15.000
   48.501  -120.124    15.000
   48.501  -120.124    15.000
   48.501  -120.124    15.000
   33.573  -116.147    15.000
   33.573  -116.147    15.000
   33.573  -116.147    15.000
   33.573  -116.147    15.000
   33.573  -116.147    15.000
   59.546  -128.637    15.000
   59.546  -128.637    15.000
   59.546  -128.637    15.000
   59.546  -128.637    15.000
   59.546  -128.637    15.000
   57.988  -117.271    15.000
   57.988  -117.271    15.000
   57.988  -117.271    15.000
   57.988  -117.271    15.000
   57.988  -117.271    15.000
   58.241  -117.686    15.000
   58.241  -117.686    15.000
   58.241  -117.686    15.000
   58.241  -117.686    15.000
   58.241  -117.686    15.000
   57.995  -117.222    15.000
   57.995  -117.222    15.000
   57.995  -117.222    15.000
   57.995  -117.222    15.000
   57.995  -117.222    15.000
   58.013  -117.181    15.000
   58.013  -117.181    15.000
   58.013  -117.181    15.000
   58.013  -117.181    15.000
   58.013  -117.181    15.000
   58.067  -117.235    15.000
   58.067  -117.235    15.000
   58.067  -117.235    15.000
   58.067  -117.235    15.000
   58.067  -117.235    15.000
   56.275  -113.996    15.000
   56.275  -113.996    15.000
   56.275  -113.996    15.000
   56.275  -113.996    15.000
   56.275  -113.996    15.000
   56.167  -114.226    15.000
   56.167  -114.226    15.000
   56.167  -114.226    15.000
   56.167  -114.226    15.000
   56.167  -114.226    15.000
   59.626  -117.021    15.000
   59.626  -117.021    15.000
   59.626  -117.021    15.000
   59.626  -117.021    15.000
   59.626  -117.021    15.000
   57.005  -117.844    15.000
   57.005  -117.844    15.000
   57.005  -117.844    15.000
   57.005  -117.844    15.000
   57.005  -117.844    15.000
   58.100  -117.121    15.000
   58.100  -117.121    15.000
   58.100  -117.121    15.000
   58.100  -117.121    15.000
   58.100  -117.121    15.000
   59.520  -117.230    15.000
   59.520  -117.230    15.000
   59.520  -117.230    15.000
   59.520  -117.230    15.000
   59.520  -117.230    15.000
   59.554  -117.313    15.000
   59.554  -117.313    15.000
   59.554  -117.313    15.000
   59.554  -117.313    15.000
   59.554  -117.313    15.000
   59.548  -117.358    15.000
   59.548  -117.358    15.000
   59.548  -117.358    15.000
   59.548  -117.358    15.000
   59.548  -117.358    15.000
   59.294  -112.296    15.000
   59.294  -112.296    15.000
   59.294  -112.296    15.000
   59.294  -112.296    15.000
   59.294  -112.296    15.000
   59.832  -124.159    15.000
   59.832  -124.159    15.000
   59.832  -124.159    15.000
   59.832  -124.159    15.000
   59.832  -124.159    15.000
   58.078  -117.456    15.000
   58.078  -117.456    15.000
   58.078  -117.456    15.000
   58.078  -117.456    15.000
   58.078  -117.456    15.000
   59.598  -117.370    15.000
   59.598  -117.370    15.000
   59.598  -117.370    15.000
   59.598  -117.370    15.000
   59.598  -117.370    15.000
   33.760  -107.635    15.000
   33.760  -107.635    15.000
   33.760  -107.635    15.000
   33.760  -107.635    15.000
   33.760  -107.635    15.000
   32.757  -105.562    15.000
   32.757  -105.562    15.000
   32.757  -105.562    15.000
   32.757  -105.562    15.000
   32.757  -105.562    15.000
   35.073   -87.821    15.000
   35.073   -87.821    15.000
   35.073   -87.821    15.000
   35.073   -87.821    15.000
   35.073   -87.821    15.000
   30.652   -84.604    15.000
   30.652   -84.604    15.000
   30.652   -84.604    15.000
   30.652   -84.604    15.000
   30.652   -84.604    15.000
   33.827  -112.438    15.000
   33.827  -112.438    15.000
   33.827  -112.438    15.000
   33.827  -112.438    15.000
   33.827  -112.438    15.000
   36.063   -86.436    15.000
   36.063   -86.436    15.000
   36.063   -86.436    15.000
   36.063   -86.436    15.000
   36.063   -86.436    15.000
   34.067   -78.396    15.000
   34.067   -78.396    15.000
   34.067   -78.396    15.000
   34.067   -78.396    15.000
   34.067   -78.396    15.000
   41.707   -85.823    15.000
   41.707   -85.823    15.000
   41.707   -85.823    15.000
   41.707   -85.823    15.000
   41.707   -85.823    15.000
   41.717   -85.935    15.000
   41.717   -85.935    15.000
   41.717   -85.935    15.000
   41.717   -85.935    15.000
   41.717   -85.935    15.000
   41.726   -86.002    15.000
   41.726   -86.002    15.000
   41.726   -86.002    15.000
   41.726   -86.002    15.000
   41.726   -86.002    15.000
   29.579   -98.029    15.000
   29.579   -98.029    15.000
   29.579   -98.029    15.000
   29.579   -98.029    15.000
   29.579   -98.029    15.000
   34.004   -98.548    15.000
   34.004   -98.548    15.000
   34.004   -98.548    15.000
   34.004   -98.548    15.000
   34.004   -98.548    15.000
   41.773   -98.193    15.000
   41.773   -98.193    15.000
   41.773   -98.193    15.000
   41.773   -98.193    15.000
   41.773   -98.193    15.000
   46.371   -97.542    15.000
   46.371   -97.542    15.000
   46.371   -97.542    15.000
   46.371   -97.542    15.000
   46.371   -97.542    15.000
   47.584   -96.928    15.000
   47.584   -96.928    15.000
   47.584   -96.928    15.000
   47.584   -96.928    15.000
   47.584   -96.928    15.000
   44.925   -95.785    15.000
   44.925   -95.785    15.000
   44.925   -95.785    15.000
   44.925   -95.785    15.000
   44.925   -95.785    15.000
   44.770   -95.372    15.000
   44.770   -95.372    15.000
   44.770   -95.372    15.000
   44.770   -95.372    15.000
   44.770   -95.372    15.000
   44.974   -95.291    15.000
   44.974   -95.291    15.000
   44.974   -95.291    15.000
   44.974   -95.291    15.000
   44.974   -95.291    15.000
   38.376   -89.377    15.000
   38.376   -89.377    15.000
   38.376   -89.377    15.000
   38.376   -89.377    15.000
   38.376   -89.377    15.000
   39.758   -90.796    15.000
   39.758   -90.796    15.000
   39.758   -90.796    15.000
   39.758   -90.796    15.000
   39.758   -90.796    15.000
   39.906   -89.557    15.000
   39.906   -89.557    15.000
   39.906   -89.557    15.000
   39.906   -89.557    15.000
   39.906   -89.557    15.000
   39.974   -90.750    15.000
   39.974   -90.750    15.000
   39.974   -90.750    15.000
   39.974   -90.750    15.000
   39.974   -90.750    15.000
   41.183   -87.858    15.000
   41.183   -87.858    15.000
   41.183   -87.858    15.000
   41.183   -87.858    15.000
   41.183   -87.858    15.000
   41.343   -88.206    15.000
   41.343   -88.206    15.000
   41.343   -88.206    15.000
   41.343   -88.206    15.000
   41.343   -88.206    15.000
   41.473   -88.086    15.000
   41.473   -88.086    15.000
   41.473   -88.086    15.000
   41.473   -88.086    15.000
   41.473   -88.086    15.000
   34.708   -92.184    15.000
   34.708   -92.184    15.000
   34.708   -92.184    15.000
   34.708   -92.184    15.000
   34.708   -92.184    15.000
   35.043   -90.464    15.000
   35.043   -90.464    15.000
   35.043   -90.464    15.000
   35.043   -90.464    15.000
   35.043   -90.464    15.000
   35.936   -89.709    15.000
   35.936   -89.709    15.000
   35.936   -89.709    15.000
   35.936   -89.709    15.000
   35.936   -89.709    15.000
   46.318  -119.093    15.000
   46.318  -119.093    15.000
   46.318  -119.093    15.000
   46.318  -119.093    15.000
   46.318  -119.093    15.000
   39.284   -75.625    15.000
   39.284   -75.625    15.000
   39.284   -75.625    15.000
   39.284   -75.625    15.000
   39.284   -75.625    15.000
   30.738   -84.679    15.000
   30.738   -84.679    15.000
   30.738   -84.679    15.000
   30.738   -84.679    15.000
   30.738   -84.679    15.000
   30.726  -109.573    15.000
   30.726  -109.573    15.000
   30.726  -109.573    15.000
   30.726  -109.573    15.000
   30.726  -109.573    15.000
   46.310   -98.842    15.000
   46.310   -98.842    15.000
   46.310   -98.842    15.000
   46.310   -98.842    15.000
   46.310   -98.842    15.000
   30.326   -97.268    15.000
   30.326   -97.268    15.000
   30.326   -97.268    15.000
   30.326   -97.268    15.000
   30.326   -97.268    15.000
   30.285   -99.133    15.000
   30.285   -99.133    15.000
   30.285   -99.133    15.000
   30.285   -99.133    15.000
   30.285   -99.133    15.000
   26.351  -108.132    15.000
   26.351  -108.132    15.000
   26.351  -108.132    15.000
   26.351  -108.132    15.000
   26.351  -108.132    15.000
   26.429   -98.702    15.000
   26.429   -98.702    15.000
   26.429   -98.702    15.000
   26.429   -98.702    15.000
   26.429   -98.702    15.000
   29.126   -97.479    15.000
   29.126   -97.479    15.000
   29.126   -97.479    15.000
   29.126   -97.479    15.000
   29.126   -97.479    15.000
   26.231  -106.918    15.000
   26.231  -106.918    15.000
   26.231  -106.918    15.000
   26.231  -106.918    15.000
   26.231  -106.918    15.000
   26.315  -107.913    15.000
   26.315  -107.913    15.000
   26.315  -107.913    15.000
   26.315  -107.913    15.000
   26.315  -107.913    15.000
   26.641  -106.679    15.000
   26.641  -106.679    15.000
   26.641  -106.679    15.000
   26.641  -106.679    15.000
   26.641  -106.679    15.000
   26.515  -108.160    15.000
   26.515  -108.160    15.000
   26.515  -108.160    15.000
   26.515  -108.160    15.000
   26.515  -108.160    15.000
   30.865   -92.681    15.000
   30.865   -92.681    15.000
   30.865   -92.681    15.000
   30.865   -92.681    15.000
   30.865   -92.681    15.000
   30.881   -98.193    15.000
   30.881   -98.193    15.000
   30.881   -98.193    15.000
   30.881   -98.193    15.000
   30.881   -98.193    15.000
   31.929  -100.791    15.000
   31.929  -100.791    15.000
   31.929  -100.791    15.000
   31.929  -100.791    15.000
   31.929  -100.791    15.000
   32.156  -100.162    15.000
   32.156  -100.162    15.000
   32.156  -100.162    15.000
   32.156  -100.162    15.000
   32.156  -100.162    15.000
   33.887  -100.519    15.000
   33.887  -100.519    15.000
   33.887  -100.519    15.000
   33.887  -100.519    15.000
   33.887  -100.519    15.000
   47.572   -97.408    15.000
   47.572   -97.408    15.000
   47.572   -97.408    15.000
   47.572   -97.408    15.000
   47.572   -97.408    15.000
   32.257   -84.008    15.000
   32.257   -84.008    15.000
   32.257   -84.008    15.000
   32.257   -84.008    15.000
   32.257   -84.008    15.000
   31.421   -84.111    15.000
   31.421   -84.111    15.000
   31.421   -84.111    15.000
   31.421   -84.111    15.000
   31.421   -84.111    15.000
   52.679  -111.054    15.000
   52.679  -111.054    15.000
   52.679  -111.054    15.000
   52.679  -111.054    15.000
   52.679  -111.054    15.000
   41.065   -83.611    15.000
   41.065   -83.611    15.000
   41.065   -83.611    15.000
   41.065   -83.611    15.000
   41.065   -83.611    15.000
   44.963  -122.668    15.000
   44.963  -122.668    15.000
   44.963  -122.668    15.000
   44.963  -122.668    15.000
   44.963  -122.668    15.000
   26.618   -80.704    15.000
   26.618   -80.704    15.000
   26.618   -80.704    15.000
   26.618   -80.704    15.000
   26.618   -80.704    15.000
   33.088   -89.703    15.000
   33.088   -89.703    15.000
   33.088   -89.703    15.000
   33.088   -89.703    15.000
   33.088   -89.703    15.000
   33.541   -89.266    15.000
   33.541   -89.266    15.000
   33.541   -89.266    15.000
   33.541   -89.266    15.000
   33.541   -89.266    15.000
   46.350   -98.933    15.000
   46.350   -98.933    15.000
   46.350   -98.933    15.000
   46.350   -98.933    15.000
   46.350   -98.933    15.000
   39.733  -122.286    15.000
   39.733  -122.286    15.000
   39.733  -122.286    15.000
   39.733  -122.286    15.000
   39.733  -122.286    15.000
   51.579  -107.688    15.000
   51.579  -107.688    15.000
   51.579  -107.688    15.000
   51.579  -107.688    15.000
   51.579  -107.688    15.000
   46.425   -96.337    15.000
   46.425   -96.337    15.000
   46.425   -96.337    15.000
   46.425   -96.337    15.000
   46.425   -96.337    15.000
   46.470   -96.810    15.000
   46.470   -96.810    15.000
   46.470   -96.810    15.000
   46.470   -96.810    15.000
   46.470   -96.810    15.000
   33.589  -116.201    15.000
   33.589  -116.201    15.000
   33.589  -116.201    15.000
   33.589  -116.201    15.000
   33.589  -116.201    15.000
   38.186  -121.409    15.000
   38.186  -121.409    15.000
   38.186  -121.409    15.000
   38.186  -121.409    15.000
   38.186  -121.409    15.000
   38.446  -121.277    15.000
   38.446  -121.277    15.000
   38.446  -121.277    15.000
   38.446  -121.277    15.000
   38.446  -121.277    15.000
   34.478   -88.662    15.000
   34.478   -88.662    15.000
   34.478   -88.662    15.000
   34.478   -88.662    15.000
   34.478   -88.662    15.000
   46.844   -97.743    15.000
   46.844   -97.743    15.000
   46.844   -97.743    15.000
   46.844   -97.743    15.000
   46.844   -97.743    15.000
   46.980   -97.070    15.000
   46.980   -97.070    15.000
   46.980   -97.070    15.000
   46.980   -97.070    15.000
   46.980   -97.070    15.000
   46.960   -97.510    15.000
   46.960   -97.510    15.000
   46.960   -97.510    15.000
   46.960   -97.510    15.000
   46.960   -97.510    15.000
   47.144   -97.122    15.000
   47.144   -97.122    15.000
   47.144   -97.122    15.000
   47.144   -97.122    15.000
   47.144   -97.122    15.000
   47.444   -96.561    15.000
   47.444   -96.561    15.000
   47.444   -96.561    15.000
   47.444   -96.561    15.000
   47.444   -96.561    15.000
   45.733   -96.583    15.000
   45.733   -96.583    15.000
   45.733   -96.583    15.000
   45.733   -96.583    15.000
   45.733   -96.583    15.000
   45.836   -95.971    15.000
   45.836   -95.971    15.000
   45.836   -95.971    15.000
   45.836   -95.971    15.000
   45.836   -95.971    15.000
   35.582   -89.637    15.000
   35.582   -89.637    15.000
   35.582   -89.637    15.000
   35.582   -89.637    15.000
   35.582   -89.637    15.000
   35.223   -77.926    15.000
   35.223   -77.926    15.000
   35.223   -77.926    15.000
   35.223   -77.926    15.000
   35.223   -77.926    15.000
   44.483   -87.918    15.000
   44.483   -87.918    15.000
   44.483   -87.918    15.000
   44.483   -87.918    15.000
   44.483   -87.918    15.000
   44.897   -89.525    15.000
   44.897   -89.525    15.000
   44.897   -89.525    15.000
   44.897   -89.525    15.000
   44.897   -89.525    15.000
   41.644   -85.704    15.000
   41.644   -85.704    15.000
   41.644   -85.704    15.000
   41.644   -85.704    15.000
   41.644   -85.704    15.000
   41.665   -85.006    15.000
   41.665   -85.006    15.000
   41.665   -85.006    15.000
   41.665   -85.006    15.000
   41.665   -85.006    15.000
   42.274   -85.383    15.000
   42.274   -85.383    15.000
   42.274   -85.383    15.000
   42.274   -85.383    15.000
   42.274   -85.383    15.000
   48.409  -100.864    15.000
   48.409  -100.864    15.000
   48.409  -100.864    15.000
   48.409  -100.864    15.000
   48.409  -100.864    15.000
   32.674   -98.289    15.000
   32.674   -98.289    15.000
   32.674   -98.289    15.000
   32.674   -98.289    15.000
   32.674   -98.289    15.000
   34.406  -101.136    15.000
   34.406  -101.136    15.000
   34.406  -101.136    15.000
   34.406  -101.136    15.000
   34.406  -101.136    15.000
   39.962  -122.225    15.000
   39.962  -122.225    15.000
   39.962  -122.225    15.000
   39.962  -122.225    15.000
   39.962  -122.225    15.000
   48.163   -95.621    15.000
   48.163   -95.621    15.000
   48.163   -95.621    15.000
   48.163   -95.621    15.000
   48.163   -95.621    15.000
   36.166   -97.519    15.000
   36.166   -97.519    15.000
   36.166   -97.519    15.000
   36.166   -97.519    15.000
   36.166   -97.519    15.000
   33.994   -95.125    15.000
   33.994   -95.125    15.000
   33.994   -95.125    15.000
   33.994   -95.125    15.000
   33.994   -95.125    15.000
   27.584   -81.173    15.000
   27.584   -81.173    15.000
   27.584   -81.173    15.000
   27.584   -81.173    15.000
   27.584   -81.173    15.000
   37.496  -103.287    15.000
   37.496  -103.287    15.000
   37.496  -103.287    15.000
   37.496  -103.287    15.000
   37.496  -103.287    15.000
   46.727  -120.789    15.000
   46.727  -120.789    15.000
   46.727  -120.789    15.000
   46.727  -120.789    15.000
   46.727  -120.789    15.000
   26.278   -98.659    15.000
   26.278   -98.659    15.000
   26.278   -98.659    15.000
   26.278   -98.659    15.000
   26.278   -98.659    15.000
   34.187   -86.298    15.000
   34.187   -86.298    15.000
   34.187   -86.298    15.000
   34.187   -86.298    15.000
   34.187   -86.298    15.000
   47.023   -97.658    15.000
   47.023   -97.658    15.000
   47.023   -97.658    15.000
   47.023   -97.658    15.000
   47.023   -97.658    15.000
   45.203   -96.266    15.000
   45.203   -96.266    15.000
   45.203   -96.266    15.000
   45.203   -96.266    15.000
   45.203   -96.266    15.000
   44.278   -88.516    15.000
   44.278   -88.516    15.000
   44.278   -88.516    15.000
   44.278   -88.516    15.000
   44.278   -88.516    15.000
   47.116   -96.060    15.000
   47.116   -96.060    15.000
   47.116   -96.060    15.000
   47.116   -96.060    15.000
   47.116   -96.060    15.000
   34.338   -89.040    15.000
   34.338   -89.040    15.000
   34.338   -89.040    15.000
   34.338   -89.040    15.000
   34.338   -89.040    15.000
   46.240   -97.485    15.000
   46.240   -97.485    15.000
   46.240   -97.485    15.000
   46.240   -97.485    15.000
   46.240   -97.485    15.000
   46.298   -98.878    15.000
   46.298   -98.878    15.000
   46.298   -98.878    15.000
   46.298   -98.878    15.000
   46.298   -98.878    15.000
   46.503   -97.569    15.000
   46.503   -97.569    15.000
   46.503   -97.569    15.000
   46.503   -97.569    15.000
   46.503   -97.569    15.000
   47.013   -97.693    15.000
   47.013   -97.693    15.000
   47.013   -97.693    15.000
   47.013   -97.693    15.000
   47.013   -97.693    15.000
   46.164   -98.509    15.000
   46.164   -98.509    15.000
   46.164   -98.509    15.000
   46.164   -98.509    15.000
   46.164   -98.509    15.000
   46.335   -98.802    15.000
   46.335   -98.802    15.000
   46.335   -98.802    15.000
   46.335   -98.802    15.000
   46.335   -98.802    15.000
   46.643   -97.326    15.000
   46.643   -97.326    15.000
   46.643   -97.326    15.000
   46.643   -97.326    15.000
   46.643   -97.326    15.000
   46.723   -97.770    15.000
   46.723   -97.770    15.000
   46.723   -97.770    15.000
   46.723   -97.770    15.000
   46.723   -97.770    15.000
   48.015   -98.652    15.000
   48.015   -98.652    15.000
   48.015   -98.652    15.000
   48.015   -98.652    15.000
   48.015   -98.652    15.000
   36.184   -82.798    15.000
   36.184   -82.798    15.000
   36.184   -82.798    15.000
   36.184   -82.798    15.000
   36.184   -82.798    15.000
   35.816  -119.151    15.000
   35.816  -119.151    15.000
   35.816  -119.151    15.000
   35.816  -119.151    15.000
   35.816  -119.151    15.000
   35.295  -111.420    15.000
   35.295  -111.420    15.000
   35.295  -111.420    15.000
   35.295  -111.420    15.000
   35.295  -111.420    15.000
   25.910  -107.110    15.000
   25.910  -107.110    15.000
   25.910  -107.110    15.000
   25.910  -107.110    15.000
   25.910  -107.110    15.000
   55.689  -114.168    15.000
   55.689  -114.168    15.000
   55.689  -114.168    15.000
   55.689  -114.168    15.000
   55.689  -114.168    15.000
   57.910  -117.470    15.000
   57.910  -117.470    15.000
   57.910  -117.470    15.000
   57.910  -117.470    15.000
   57.910  -117.470    15.000
   57.050  -117.830    15.000
   57.050  -117.830    15.000
   57.050  -117.830    15.000
   57.050  -117.830    15.000
   57.050  -117.830    15.000
   56.085  -114.420    15.000
   56.085  -114.420    15.000
   56.085  -114.420    15.000
   56.085  -114.420    15.000
   56.085  -114.420    15.000
   55.910  -114.230    15.000
   55.910  -114.230    15.000
   55.910  -114.230    15.000
   55.910  -114.230    15.000
   55.910  -114.230    15.000
   55.830  -114.740    15.000
   55.830  -114.740    15.000
   55.830  -114.740    15.000
   55.830  -114.740    15.000
   55.830  -114.740    15.000
   55.551  -114.466    15.000
   55.551  -114.466    15.000
   55.551  -114.466    15.000
   55.551  -114.466    15.000
   55.551  -114.466    15.000
   59.170  -112.510    15.000
   59.170  -112.510    15.000
   59.170  -112.510    15.000
   59.170  -112.510    15.000
   59.170  -112.510    15.000
   55.550  -114.440    15.000
   55.550  -114.440    15.000
   55.550  -114.440    15.000
   55.550  -114.440    15.000
   55.550  -114.440    15.000
   55.900  -114.120    15.000
   55.900  -114.120    15.000
   55.900  -114.120    15.000
   55.900  -114.120    15.000
   55.900  -114.120    15.000
   57.075  -118.185    15.000
   57.075  -118.185    15.000
   57.075  -118.185    15.000
   57.075  -118.185    15.000
   57.075  -118.185    15.000
   55.710  -114.300    15.000
   55.710  -114.300    15.000
   55.710  -114.300    15.000
   55.710  -114.300    15.000
   55.710  -114.300    15.000
   56.275  -114.510    15.000
   56.275  -114.510    15.000
   56.275  -114.510    15.000
   56.275  -114.510    15.000
   56.275  -114.510    15.000
   55.642  -114.464    15.000
   55.642  -114.464    15.000
   55.642  -114.464    15.000
   55.642  -114.464    15.000
   55.642  -114.464    15.000
   55.610  -114.355    15.000
   55.610  -114.355    15.000
   55.610  -114.355    15.000
   55.610  -114.355    15.000
   55.610  -114.355    15.000
   56.130  -114.445    15.000
   56.130  -114.445    15.000
   56.130  -114.445    15.000
   56.130  -114.445    15.000
   56.130  -114.445    15.000
   55.919  -114.830    15.000
   55.919  -114.830    15.000
   55.919  -114.830    15.000
   55.919  -114.830    15.000
   55.919  -114.830    15.000
   59.570  -117.090    15.000
   59.570  -117.090    15.000
   59.570  -117.090    15.000
   59.570  -117.090    15.000
   59.570  -117.090    15.000
   58.130  -117.640    15.000
   58.130  -117.640    15.000
   58.130  -117.640    15.000
   58.130  -117.640    15.000
   58.130  -117.640    15.000
   59.365  -112.425    15.000
   59.365  -112.425    15.000
   59.365  -112.425    15.000
   59.365  -112.425    15.000
   59.365  -112.425    15.000
   56.087  -114.483    15.000
   56.087  -114.483    15.000
   56.087  -114.483    15.000
   56.087  -114.483    15.000
   56.087  -114.483    15.000
   55.750  -114.170    15.000
   55.750  -114.170    15.000
   55.750  -114.170    15.000
   55.750  -114.170    15.000
   55.750  -114.170    15.000
   55.800  -114.310    15.000
   55.800  -114.310    15.000
   55.800  -114.310    15.000
   55.800  -114.310    15.000
   55.800  -114.310    15.000
   55.930  -114.220    15.000
   55.930  -114.220    15.000
   55.930  -114.220    15.000
   55.930  -114.220    15.000
   55.930  -114.220    15.000
   56.216  -114.518    15.000
   56.216  -114.518    15.000
   56.216  -114.518    15.000
   56.216  -114.518    15.000
   56.216  -114.518    15.000
   56.187  -114.473    15.000
   56.187  -114.473    15.000
   56.187  -114.473    15.000
   56.187  -114.473    15.000
   56.187  -114.473    15.000
   56.029  -114.687    15.000
   56.029  -114.687    15.000
   56.029  -114.687    15.000
   56.029  -114.687    15.000
   56.029  -114.687    15.000
   56.323  -114.432    15.000
   56.323  -114.432    15.000
   56.323  -114.432    15.000
   56.323  -114.432    15.000
   56.323  -114.432    15.000
   55.750  -114.050    15.000
   55.750  -114.050    15.000
   55.750  -114.050    15.000
   55.750  -114.050    15.000
   55.750  -114.050    15.000
   41.179   -87.854    15.000
   41.179   -87.854    15.000
   41.179   -87.854    15.000
   41.179   -87.854    15.000
   41.179   -87.854    15.000
   51.172   -99.543    15.000
   51.172   -99.543    15.000
   51.172   -99.543    15.000
   51.172   -99.543    15.000
   51.172   -99.543    15.000
   51.504  -100.121    15.000
   51.504  -100.121    15.000
   51.504  -100.121    15.000
   51.504  -100.121    15.000
   51.504  -100.121    15.000
   55.690  -114.410    15.000
   55.690  -114.410    15.000
   55.690  -114.410    15.000
   55.690  -114.410    15.000
   55.690  -114.410    15.000
   55.910  -114.740    15.000
   55.910  -114.740    15.000
   55.910  -114.740    15.000
   55.910  -114.740    15.000
   55.910  -114.740    15.000
   55.730  -114.120    15.000
   55.730  -114.120    15.000
   55.730  -114.120    15.000
   55.730  -114.120    15.000
   55.730  -114.120    15.000
   55.830  -114.270    15.000
   55.830  -114.270    15.000
   55.830  -114.270    15.000
   55.830  -114.270    15.000
   55.830  -114.270    15.000
   56.420  -114.360    15.000
   56.420  -114.360    15.000
   56.420  -114.360    15.000
   56.420  -114.360    15.000
   56.420  -114.360    15.000
   55.570  -114.400    15.000
   55.570  -114.400    15.000
   55.570  -114.400    15.000
   55.570  -114.400    15.000
   55.570  -114.400    15.000
   56.345  -114.400    15.000
   56.345  -114.400    15.000
   56.345  -114.400    15.000
   56.345  -114.400    15.000
   56.345  -114.400    15.000
   55.940  -114.790    15.000
   55.940  -114.790    15.000
   55.940  -114.790    15.000
   55.940  -114.790    15.000
   55.940  -114.790    15.000
   55.820  -114.710    15.000
   55.820  -114.710    15.000
   55.820  -114.710    15.000
   55.820  -114.710    15.000
   55.820  -114.710    15.000
   55.930  -114.170    15.000
   55.930  -114.170    15.000
   55.930  -114.170    15.000
   55.930  -114.170    15.000
   55.930  -114.170    15.000
   55.000   -98.500    15.000
   55.000   -98.500    15.000
   55.000   -98.500    15.000
   55.000   -98.500    15.000
   55.000   -98.500    15.000
0024
0
  10000.0
1
./
ERA5-20190601-00-casestudy-31km.arl
1
PM25
0.001
    24.000
19 06 01 00 00
1
   55.000   -98.500
    0.100     0.100
   30.000    92.000
./
hysplit.con
1
10
19 06 01 00 00
19 06 02 00 00
0 1 0
1
1 1 1
0 0 0 0 0
0 0.000336 8.4e-05
0
0.0
