19 05 28 00
1275
   63.923  -146.083    15.000
   63.923  -146.083    15.000
   63.923  -146.083    15.000
   63.923  -146.083    15.000
   63.923  -146.083    15.000
   64.017  -146.196    15.000
   64.017  -146.196    15.000
   64.017  -146.196    15.000
   64.017  -146.196    15.000
   64.017  -146.196    15.000
   63.965  -146.184    15.000
   63.965  -146.184    15.000
   63.965  -146.184    15.000
   63.965  -146.184    15.000
   63.965  -146.184    15.000
   63.943  -145.982    15.000
   63.943  -145.982    15.000
   63.943  -145.982    15.000
   63.943  -145.982    15.000
   63.943  -145.982    15.000
   60.820  -137.647    15.000
   60.820  -137.647    15.000
   60.820  -137.647    15.000
   60.820  -137.647    15.000
   60.820  -137.647    15.000
   63.625  -137.923    15.000
   63.625  -137.923    15.000
   63.625  -137.923    15.000
   63.625  -137.923    15.000
   63.625  -137.923    15.000
   63.058  -139.190    15.000
   63.058  -139.190    15.000
   63.058  -139.190    15.000
   63.058  -139.190    15.000
   63.058  -139.190    15.000
   63.642  -137.901    15.000
   63.642  -137.901    15.000
   63.642  -137.901    15.000
   63.642  -137.901    15.000
   63.642  -137.901    15.000
   68.038  -141.905    15.000
   68.038  -141.905    15.000
   68.038  -141.905    15.000
   68.038  -141.905    15.000
   68.038  -141.905    15.000
   59.859  -124.262    15.000
   59.859  -124.262    15.000
   59.859  -124.262    15.000
   59.859  -124.262    15.000
   59.859  -124.262    15.000
   58.988  -127.393    15.000
   58.988  -127.393    15.000
   58.988  -127.393    15.000
   58.988  -127.393    15.000
   58.988  -127.393    15.000
   58.933  -127.374    15.000
   58.933  -127.374    15.000
   58.933  -127.374    15.000
   58.933  -127.374    15.000
   58.933  -127.374    15.000
   56.424  -124.376    15.000
   56.424  -124.376    15.000
   56.424  -124.376    15.000
   56.424  -124.376    15.000
   56.424  -124.376    15.000
   55.904  -120.462    15.000
   55.904  -120.462    15.000
   55.904  -120.462    15.000
   55.904  -120.462    15.000
   55.904  -120.462    15.000
   54.915  -125.796    15.000
   54.915  -125.796    15.000
   54.915  -125.796    15.000
   54.915  -125.796    15.000
   54.915  -125.796    15.000
   60.649  -120.304    15.000
   60.649  -120.304    15.000
   60.649  -120.304    15.000
   60.649  -120.304    15.000
   60.649  -120.304    15.000
   52.274  -100.987    15.000
   52.274  -100.987    15.000
   52.274  -100.987    15.000
   52.274  -100.987    15.000
   52.274  -100.987    15.000
   50.792  -101.100    15.000
   50.792  -101.100    15.000
   50.792  -101.100    15.000
   50.792  -101.100    15.000
   50.792  -101.100    15.000
   50.282  -100.586    15.000
   50.282  -100.586    15.000
   50.282  -100.586    15.000
   50.282  -100.586    15.000
   50.282  -100.586    15.000
   55.905  -114.390    15.000
   55.905  -114.390    15.000
   55.905  -114.390    15.000
   55.905  -114.390    15.000
   55.905  -114.390    15.000
   58.285  -117.604    15.000
   58.285  -117.604    15.000
   58.285  -117.604    15.000
   58.285  -117.604    15.000
   58.285  -117.604    15.000
   58.297  -117.612    15.000
   58.297  -117.612    15.000
   58.297  -117.612    15.000
   58.297  -117.612    15.000
   58.297  -117.612    15.000
   57.216  -117.906    15.000
   57.216  -117.906    15.000
   57.216  -117.906    15.000
   57.216  -117.906    15.000
   57.216  -117.906    15.000
   64.024  -146.276    15.000
   64.024  -146.276    15.000
   64.024  -146.276    15.000
   64.024  -146.276    15.000
   64.024  -146.276    15.000
   57.027  -117.937    15.000
   57.027  -117.937    15.000
   57.027  -117.937    15.000
   57.027  -117.937    15.000
   57.027  -117.937    15.000
   58.309  -117.643    15.000
   58.309  -117.643    15.000
   58.309  -117.643    15.000
   58.309  -117.643    15.000
   58.309  -117.643    15.000
   56.008  -114.707    15.000
   56.008  -114.707    15.000
   56.008  -114.707    15.000
   56.008  -114.707    15.000
   56.008  -114.707    15.000
   58.625  -117.735    15.000
   58.625  -117.735    15.000
   58.625  -117.735    15.000
   58.625  -117.735    15.000
   58.625  -117.735    15.000
   57.240  -117.910    15.000
   57.240  -117.910    15.000
   57.240  -117.910    15.000
   57.240  -117.910    15.000
   57.240  -117.910    15.000
   39.940   -81.717    15.000
   39.940   -81.717    15.000
   39.940   -81.717    15.000
   39.940   -81.717    15.000
   39.940   -81.717    15.000
   58.620  -117.710    15.000
   58.620  -117.710    15.000
   58.620  -117.710    15.000
   58.620  -117.710    15.000
   58.620  -117.710    15.000
   30.217   -93.305    15.000
   30.217   -93.305    15.000
   30.217   -93.305    15.000
   30.217   -93.305    15.000
   30.217   -93.305    15.000
   48.588   -98.542    15.000
   48.588   -98.542    15.000
   48.588   -98.542    15.000
   48.588   -98.542    15.000
   48.588   -98.542    15.000
   27.875   -82.433    15.000
   27.875   -82.433    15.000
   27.875   -82.433    15.000
   27.875   -82.433    15.000
   27.875   -82.433    15.000
   59.270  -112.140    15.000
   59.270  -112.140    15.000
   59.270  -112.140    15.000
   59.270  -112.140    15.000
   59.270  -112.140    15.000
   34.698   -76.789    15.000
   34.698   -76.789    15.000
   34.698   -76.789    15.000
   34.698   -76.789    15.000
   34.698   -76.789    15.000
   36.579   -86.887    15.000
   36.579   -86.887    15.000
   36.579   -86.887    15.000
   36.579   -86.887    15.000
   36.579   -86.887    15.000
   35.163   -78.529    15.000
   35.163   -78.529    15.000
   35.163   -78.529    15.000
   35.163   -78.529    15.000
   35.163   -78.529    15.000
   30.340   -82.402    15.000
   30.340   -82.402    15.000
   30.340   -82.402    15.000
   30.340   -82.402    15.000
   30.340   -82.402    15.000
   26.275   -81.237    15.000
   26.275   -81.237    15.000
   26.275   -81.237    15.000
   26.275   -81.237    15.000
   26.275   -81.237    15.000
   32.046   -81.614    15.000
   32.046   -81.614    15.000
   32.046   -81.614    15.000
   32.046   -81.614    15.000
   32.046   -81.614    15.000
   32.070   -81.632    15.000
   32.070   -81.632    15.000
   32.070   -81.632    15.000
   32.070   -81.632    15.000
   32.070   -81.632    15.000
   31.369   -84.874    15.000
   31.369   -84.874    15.000
   31.369   -84.874    15.000
   31.369   -84.874    15.000
   31.369   -84.874    15.000
   35.938   -89.715    15.000
   35.938   -89.715    15.000
   35.938   -89.715    15.000
   35.938   -89.715    15.000
   35.938   -89.715    15.000
   32.211  -101.938    15.000
   32.211  -101.938    15.000
   32.211  -101.938    15.000
   32.211  -101.938    15.000
   32.211  -101.938    15.000
   42.681  -111.598    15.000
   42.681  -111.598    15.000
   42.681  -111.598    15.000
   42.681  -111.598    15.000
   42.681  -111.598    15.000
   30.890   -93.684    15.000
   30.890   -93.684    15.000
   30.890   -93.684    15.000
   30.890   -93.684    15.000
   30.890   -93.684    15.000
   31.045   -90.937    15.000
   31.045   -90.937    15.000
   31.045   -90.937    15.000
   31.045   -90.937    15.000
   31.045   -90.937    15.000
   36.061   -92.974    15.000
   36.061   -92.974    15.000
   36.061   -92.974    15.000
   36.061   -92.974    15.000
   36.061   -92.974    15.000
   64.044  -146.188    15.000
   64.044  -146.188    15.000
   64.044  -146.188    15.000
   64.044  -146.188    15.000
   64.044  -146.188    15.000
   63.947  -146.150    15.000
   63.947  -146.150    15.000
   63.947  -146.150    15.000
   63.947  -146.150    15.000
   63.947  -146.150    15.000
   26.926  -107.578    15.000
   26.926  -107.578    15.000
   26.926  -107.578    15.000
   26.926  -107.578    15.000
   26.926  -107.578    15.000
   26.914  -108.416    15.000
   26.914  -108.416    15.000
   26.914  -108.416    15.000
   26.914  -108.416    15.000
   26.914  -108.416    15.000
   27.151  -107.836    15.000
   27.151  -107.836    15.000
   27.151  -107.836    15.000
   27.151  -107.836    15.000
   27.151  -107.836    15.000
   59.124  -112.054    15.000
   59.124  -112.054    15.000
   59.124  -112.054    15.000
   59.124  -112.054    15.000
   59.124  -112.054    15.000
   59.174  -112.066    15.000
   59.174  -112.066    15.000
   59.174  -112.066    15.000
   59.174  -112.066    15.000
   59.174  -112.066    15.000
   57.231  -117.874    15.000
   57.231  -117.874    15.000
   57.231  -117.874    15.000
   57.231  -117.874    15.000
   57.231  -117.874    15.000
   56.409  -114.366    15.000
   56.409  -114.366    15.000
   56.409  -114.366    15.000
   56.409  -114.366    15.000
   56.409  -114.366    15.000
   58.427  -117.722    15.000
   58.427  -117.722    15.000
   58.427  -117.722    15.000
   58.427  -117.722    15.000
   58.427  -117.722    15.000
   58.176  -131.575    15.000
   58.176  -131.575    15.000
   58.176  -131.575    15.000
   58.176  -131.575    15.000
   58.176  -131.575    15.000
   30.745   -94.514    15.000
   30.745   -94.514    15.000
   30.745   -94.514    15.000
   30.745   -94.514    15.000
   30.745   -94.514    15.000
   55.830  -114.405    15.000
   55.830  -114.405    15.000
   55.830  -114.405    15.000
   55.830  -114.405    15.000
   55.830  -114.405    15.000
   55.854  -114.545    15.000
   55.854  -114.545    15.000
   55.854  -114.545    15.000
   55.854  -114.545    15.000
   55.854  -114.545    15.000
   59.215  -112.038    15.000
   59.215  -112.038    15.000
   59.215  -112.038    15.000
   59.215  -112.038    15.000
   59.215  -112.038    15.000
   55.990  -114.504    15.000
   55.990  -114.504    15.000
   55.990  -114.504    15.000
   55.990  -114.504    15.000
   55.990  -114.504    15.000
   58.634  -117.925    15.000
   58.634  -117.925    15.000
   58.634  -117.925    15.000
   58.634  -117.925    15.000
   58.634  -117.925    15.000
   53.594  -104.135    15.000
   53.594  -104.135    15.000
   53.594  -104.135    15.000
   53.594  -104.135    15.000
   53.594  -104.135    15.000
   58.645  -117.806    15.000
   58.645  -117.806    15.000
   58.645  -117.806    15.000
   58.645  -117.806    15.000
   58.645  -117.806    15.000
   52.037  -103.925    15.000
   52.037  -103.925    15.000
   52.037  -103.925    15.000
   52.037  -103.925    15.000
   52.037  -103.925    15.000
   51.044  -103.934    15.000
   51.044  -103.934    15.000
   51.044  -103.934    15.000
   51.044  -103.934    15.000
   51.044  -103.934    15.000
   58.943  -127.362    15.000
   58.943  -127.362    15.000
   58.943  -127.362    15.000
   58.943  -127.362    15.000
   58.943  -127.362    15.000
   58.469  -117.793    15.000
   58.469  -117.793    15.000
   58.469  -117.793    15.000
   58.469  -117.793    15.000
   58.469  -117.793    15.000
   63.062  -139.205    15.000
   63.062  -139.205    15.000
   63.062  -139.205    15.000
   63.062  -139.205    15.000
   63.062  -139.205    15.000
   55.707  -114.520    15.000
   55.707  -114.520    15.000
   55.707  -114.520    15.000
   55.707  -114.520    15.000
   55.707  -114.520    15.000
   63.643  -137.952    15.000
   63.643  -137.952    15.000
   63.643  -137.952    15.000
   63.643  -137.952    15.000
   63.643  -137.952    15.000
   58.333  -117.617    15.000
   58.333  -117.617    15.000
   58.333  -117.617    15.000
   58.333  -117.617    15.000
   58.333  -117.617    15.000
   57.071  -118.008    15.000
   57.071  -118.008    15.000
   57.071  -118.008    15.000
   57.071  -118.008    15.000
   57.071  -118.008    15.000
   58.340  -117.560    15.000
   58.340  -117.560    15.000
   58.340  -117.560    15.000
   58.340  -117.560    15.000
   58.340  -117.560    15.000
   58.183  -117.412    15.000
   58.183  -117.412    15.000
   58.183  -117.412    15.000
   58.183  -117.412    15.000
   58.183  -117.412    15.000
   55.985  -114.410    15.000
   55.985  -114.410    15.000
   55.985  -114.410    15.000
   55.985  -114.410    15.000
   55.985  -114.410    15.000
   50.090  -100.466    15.000
   50.090  -100.466    15.000
   50.090  -100.466    15.000
   50.090  -100.466    15.000
   50.090  -100.466    15.000
   50.087  -103.439    15.000
   50.087  -103.439    15.000
   50.087  -103.439    15.000
   50.087  -103.439    15.000
   50.087  -103.439    15.000
   31.705   -94.007    15.000
   31.705   -94.007    15.000
   31.705   -94.007    15.000
   31.705   -94.007    15.000
   31.705   -94.007    15.000
   48.535   -99.324    15.000
   48.535   -99.324    15.000
   48.535   -99.324    15.000
   48.535   -99.324    15.000
   48.535   -99.324    15.000
   32.847   -90.894    15.000
   32.847   -90.894    15.000
   32.847   -90.894    15.000
   32.847   -90.894    15.000
   32.847   -90.894    15.000
   33.088   -88.431    15.000
   33.088   -88.431    15.000
   33.088   -88.431    15.000
   33.088   -88.431    15.000
   33.088   -88.431    15.000
   30.210  -108.461    15.000
   30.210  -108.461    15.000
   30.210  -108.461    15.000
   30.210  -108.461    15.000
   30.210  -108.461    15.000
   63.951  -146.203    15.000
   63.951  -146.203    15.000
   63.951  -146.203    15.000
   63.951  -146.203    15.000
   63.951  -146.203    15.000
   63.998  -146.210    15.000
   63.998  -146.210    15.000
   63.998  -146.210    15.000
   63.998  -146.210    15.000
   63.998  -146.210    15.000
   58.400  -117.690    15.000
   58.400  -117.690    15.000
   58.400  -117.690    15.000
   58.400  -117.690    15.000
   58.400  -117.690    15.000
   26.887  -101.455    15.000
   26.887  -101.455    15.000
   26.887  -101.455    15.000
   26.887  -101.455    15.000
   26.887  -101.455    15.000
   39.720  -122.270    15.000
   39.720  -122.270    15.000
   39.720  -122.270    15.000
   39.720  -122.270    15.000
   39.720  -122.270    15.000
   59.864  -124.228    15.000
   59.864  -124.228    15.000
   59.864  -124.228    15.000
   59.864  -124.228    15.000
   59.864  -124.228    15.000
   59.562  -128.626    15.000
   59.562  -128.626    15.000
   59.562  -128.626    15.000
   59.562  -128.626    15.000
   59.562  -128.626    15.000
   58.589  -117.926    15.000
   58.589  -117.926    15.000
   58.589  -117.926    15.000
   58.589  -117.926    15.000
   58.589  -117.926    15.000
   25.841  -106.883    15.000
   25.841  -106.883    15.000
   25.841  -106.883    15.000
   25.841  -106.883    15.000
   25.841  -106.883    15.000
   25.276  -106.702    15.000
   25.276  -106.702    15.000
   25.276  -106.702    15.000
   25.276  -106.702    15.000
   25.276  -106.702    15.000
   25.269  -107.396    15.000
   25.269  -107.396    15.000
   25.269  -107.396    15.000
   25.269  -107.396    15.000
   25.269  -107.396    15.000
   31.371   -90.414    15.000
   31.371   -90.414    15.000
   31.371   -90.414    15.000
   31.371   -90.414    15.000
   31.371   -90.414    15.000
   33.014   -79.888    15.000
   33.014   -79.888    15.000
   33.014   -79.888    15.000
   33.014   -79.888    15.000
   33.014   -79.888    15.000
   36.855  -120.149    15.000
   36.855  -120.149    15.000
   36.855  -120.149    15.000
   36.855  -120.149    15.000
   36.855  -120.149    15.000
   37.274   -89.886    15.000
   37.274   -89.886    15.000
   37.274   -89.886    15.000
   37.274   -89.886    15.000
   37.274   -89.886    15.000
   36.441   -90.042    15.000
   36.441   -90.042    15.000
   36.441   -90.042    15.000
   36.441   -90.042    15.000
   36.441   -90.042    15.000
   36.640   -90.115    15.000
   36.640   -90.115    15.000
   36.640   -90.115    15.000
   36.640   -90.115    15.000
   36.640   -90.115    15.000
   31.209   -87.585    15.000
   31.209   -87.585    15.000
   31.209   -87.585    15.000
   31.209   -87.585    15.000
   31.209   -87.585    15.000
   34.699   -87.248    15.000
   34.699   -87.248    15.000
   34.699   -87.248    15.000
   34.699   -87.248    15.000
   34.699   -87.248    15.000
   31.942   -95.198    15.000
   31.942   -95.198    15.000
   31.942   -95.198    15.000
   31.942   -95.198    15.000
   31.942   -95.198    15.000
   26.273  -108.930    15.000
   26.273  -108.930    15.000
   26.273  -108.930    15.000
   26.273  -108.930    15.000
   26.273  -108.930    15.000
   25.748  -106.717    15.000
   25.748  -106.717    15.000
   25.748  -106.717    15.000
   25.748  -106.717    15.000
   25.748  -106.717    15.000
   26.883  -107.773    15.000
   26.883  -107.773    15.000
   26.883  -107.773    15.000
   26.883  -107.773    15.000
   26.883  -107.773    15.000
   55.911  -114.461    15.000
   55.911  -114.461    15.000
   55.911  -114.461    15.000
   55.911  -114.461    15.000
   55.911  -114.461    15.000
   25.099  -107.660    15.000
   25.099  -107.660    15.000
   25.099  -107.660    15.000
   25.099  -107.660    15.000
   25.099  -107.660    15.000
   34.592   -79.666    15.000
   34.592   -79.666    15.000
   34.592   -79.666    15.000
   34.592   -79.666    15.000
   34.592   -79.666    15.000
   53.733  -113.144    15.000
   53.733  -113.144    15.000
   53.733  -113.144    15.000
   53.733  -113.144    15.000
   53.733  -113.144    15.000
   50.461   -97.761    15.000
   50.461   -97.761    15.000
   50.461   -97.761    15.000
   50.461   -97.761    15.000
   50.461   -97.761    15.000
   31.359  -101.788    15.000
   31.359  -101.788    15.000
   31.359  -101.788    15.000
   31.359  -101.788    15.000
   31.359  -101.788    15.000
   53.904   -94.980    15.000
   53.904   -94.980    15.000
   53.904   -94.980    15.000
   53.904   -94.980    15.000
   53.904   -94.980    15.000
   64.020  -146.184    15.000
   64.020  -146.184    15.000
   64.020  -146.184    15.000
   64.020  -146.184    15.000
   64.020  -146.184    15.000
   60.071  -116.467    15.000
   60.071  -116.467    15.000
   60.071  -116.467    15.000
   60.071  -116.467    15.000
   60.071  -116.467    15.000
   54.864  -118.510    15.000
   54.864  -118.510    15.000
   54.864  -118.510    15.000
   54.864  -118.510    15.000
   54.864  -118.510    15.000
   55.913  -114.771    15.000
   55.913  -114.771    15.000
   55.913  -114.771    15.000
   55.913  -114.771    15.000
   55.913  -114.771    15.000
   39.708   -74.435    15.000
   39.708   -74.435    15.000
   39.708   -74.435    15.000
   39.708   -74.435    15.000
   39.708   -74.435    15.000
   55.853  -114.416    15.000
   55.853  -114.416    15.000
   55.853  -114.416    15.000
   55.853  -114.416    15.000
   55.853  -114.416    15.000
   53.043  -119.812    15.000
   53.043  -119.812    15.000
   53.043  -119.812    15.000
   53.043  -119.812    15.000
   53.043  -119.812    15.000
   60.833  -137.640    15.000
   60.833  -137.640    15.000
   60.833  -137.640    15.000
   60.833  -137.640    15.000
   60.833  -137.640    15.000
   34.680   -76.638    15.000
   34.680   -76.638    15.000
   34.680   -76.638    15.000
   34.680   -76.638    15.000
   34.680   -76.638    15.000
   28.047  -110.779    15.000
   28.047  -110.779    15.000
   28.047  -110.779    15.000
   28.047  -110.779    15.000
   28.047  -110.779    15.000
   28.803  -106.538    15.000
   28.803  -106.538    15.000
   28.803  -106.538    15.000
   28.803  -106.538    15.000
   28.803  -106.538    15.000
   25.449  -107.495    15.000
   25.449  -107.495    15.000
   25.449  -107.495    15.000
   25.449  -107.495    15.000
   25.449  -107.495    15.000
   31.673  -106.382    15.000
   31.673  -106.382    15.000
   31.673  -106.382    15.000
   31.673  -106.382    15.000
   31.673  -106.382    15.000
   31.174  -111.030    15.000
   31.174  -111.030    15.000
   31.174  -111.030    15.000
   31.174  -111.030    15.000
   31.174  -111.030    15.000
   26.885  -107.797    15.000
   26.885  -107.797    15.000
   26.885  -107.797    15.000
   26.885  -107.797    15.000
   26.885  -107.797    15.000
   28.195  -108.014    15.000
   28.195  -108.014    15.000
   28.195  -108.014    15.000
   28.195  -108.014    15.000
   28.195  -108.014    15.000
   27.400  -108.341    15.000
   27.400  -108.341    15.000
   27.400  -108.341    15.000
   27.400  -108.341    15.000
   27.400  -108.341    15.000
   25.263  -106.812    15.000
   25.263  -106.812    15.000
   25.263  -106.812    15.000
   25.263  -106.812    15.000
   25.263  -106.812    15.000
   25.556  -107.182    15.000
   25.556  -107.182    15.000
   25.556  -107.182    15.000
   25.556  -107.182    15.000
   25.556  -107.182    15.000
   25.734  -106.938    15.000
   25.734  -106.938    15.000
   25.734  -106.938    15.000
   25.734  -106.938    15.000
   25.734  -106.938    15.000
   26.017  -107.734    15.000
   26.017  -107.734    15.000
   26.017  -107.734    15.000
   26.017  -107.734    15.000
   26.017  -107.734    15.000
   26.142  -107.922    15.000
   26.142  -107.922    15.000
   26.142  -107.922    15.000
   26.142  -107.922    15.000
   26.142  -107.922    15.000
   26.298  -107.254    15.000
   26.298  -107.254    15.000
   26.298  -107.254    15.000
   26.298  -107.254    15.000
   26.298  -107.254    15.000
   26.384  -108.179    15.000
   26.384  -108.179    15.000
   26.384  -108.179    15.000
   26.384  -108.179    15.000
   26.384  -108.179    15.000
   27.247  -108.327    15.000
   27.247  -108.327    15.000
   27.247  -108.327    15.000
   27.247  -108.327    15.000
   27.247  -108.327    15.000
   25.643  -107.338    15.000
   25.643  -107.338    15.000
   25.643  -107.338    15.000
   25.643  -107.338    15.000
   25.643  -107.338    15.000
   25.651  -107.358    15.000
   25.651  -107.358    15.000
   25.651  -107.358    15.000
   25.651  -107.358    15.000
   25.651  -107.358    15.000
   26.249  -107.337    15.000
   26.249  -107.337    15.000
   26.249  -107.337    15.000
   26.249  -107.337    15.000
   26.249  -107.337    15.000
   55.246  -114.512    15.000
   55.246  -114.512    15.000
   55.246  -114.512    15.000
   55.246  -114.512    15.000
   55.246  -114.512    15.000
   57.851  -118.312    15.000
   57.851  -118.312    15.000
   57.851  -118.312    15.000
   57.851  -118.312    15.000
   57.851  -118.312    15.000
   58.560  -117.685    15.000
   58.560  -117.685    15.000
   58.560  -117.685    15.000
   58.560  -117.685    15.000
   58.560  -117.685    15.000
   58.380  -117.690    15.000
   58.380  -117.690    15.000
   58.380  -117.690    15.000
   58.380  -117.690    15.000
   58.380  -117.690    15.000
   58.991  -127.380    15.000
   58.991  -127.380    15.000
   58.991  -127.380    15.000
   58.991  -127.380    15.000
   58.991  -127.380    15.000
   51.714   -98.561    15.000
   51.714   -98.561    15.000
   51.714   -98.561    15.000
   51.714   -98.561    15.000
   51.714   -98.561    15.000
   57.132  -118.153    15.000
   57.132  -118.153    15.000
   57.132  -118.153    15.000
   57.132  -118.153    15.000
   57.132  -118.153    15.000
   58.436  -117.398    15.000
   58.436  -117.398    15.000
   58.436  -117.398    15.000
   58.436  -117.398    15.000
   58.436  -117.398    15.000
   57.071  -118.088    15.000
   57.071  -118.088    15.000
   57.071  -118.088    15.000
   57.071  -118.088    15.000
   57.071  -118.088    15.000
   58.510  -117.790    15.000
   58.510  -117.790    15.000
   58.510  -117.790    15.000
   58.510  -117.790    15.000
   58.510  -117.790    15.000
   57.065  -118.035    15.000
   57.065  -118.035    15.000
   57.065  -118.035    15.000
   57.065  -118.035    15.000
   57.065  -118.035    15.000
   57.498  -122.820    15.000
   57.498  -122.820    15.000
   57.498  -122.820    15.000
   57.498  -122.820    15.000
   57.498  -122.820    15.000
   57.090  -117.990    15.000
   57.090  -117.990    15.000
   57.090  -117.990    15.000
   57.090  -117.990    15.000
   57.090  -117.990    15.000
   57.152  -117.867    15.000
   57.152  -117.867    15.000
   57.152  -117.867    15.000
   57.152  -117.867    15.000
   57.152  -117.867    15.000
   57.147  -117.923    15.000
   57.147  -117.923    15.000
   57.147  -117.923    15.000
   57.147  -117.923    15.000
   57.147  -117.923    15.000
   59.256  -112.088    15.000
   59.256  -112.088    15.000
   59.256  -112.088    15.000
   59.256  -112.088    15.000
   59.256  -112.088    15.000
   55.901  -114.712    15.000
   55.901  -114.712    15.000
   55.901  -114.712    15.000
   55.901  -114.712    15.000
   55.901  -114.712    15.000
   57.127  -117.989    15.000
   57.127  -117.989    15.000
   57.127  -117.989    15.000
   57.127  -117.989    15.000
   57.127  -117.989    15.000
   57.168  -118.043    15.000
   57.168  -118.043    15.000
   57.168  -118.043    15.000
   57.168  -118.043    15.000
   57.168  -118.043    15.000
   58.555  -117.881    15.000
   58.555  -117.881    15.000
   58.555  -117.881    15.000
   58.555  -117.881    15.000
   58.555  -117.881    15.000
   25.366  -107.236    15.000
   25.366  -107.236    15.000
   25.366  -107.236    15.000
   25.366  -107.236    15.000
   25.366  -107.236    15.000
   59.270  -112.200    15.000
   59.270  -112.200    15.000
   59.270  -112.200    15.000
   59.270  -112.200    15.000
   59.270  -112.200    15.000
   34.033   -96.174    15.000
   34.033   -96.174    15.000
   34.033   -96.174    15.000
   34.033   -96.174    15.000
   34.033   -96.174    15.000
   45.088  -116.292    15.000
   45.088  -116.292    15.000
   45.088  -116.292    15.000
   45.088  -116.292    15.000
   45.088  -116.292    15.000
   34.315   -94.396    15.000
   34.315   -94.396    15.000
   34.315   -94.396    15.000
   34.315   -94.396    15.000
   34.315   -94.396    15.000
   42.542   -71.592    15.000
   42.542   -71.592    15.000
   42.542   -71.592    15.000
   42.542   -71.592    15.000
   42.542   -71.592    15.000
   34.097   -77.971    15.000
   34.097   -77.971    15.000
   34.097   -77.971    15.000
   34.097   -77.971    15.000
   34.097   -77.971    15.000
   43.024   -71.154    15.000
   43.024   -71.154    15.000
   43.024   -71.154    15.000
   43.024   -71.154    15.000
   43.024   -71.154    15.000
   31.850   -93.493    15.000
   31.850   -93.493    15.000
   31.850   -93.493    15.000
   31.850   -93.493    15.000
   31.850   -93.493    15.000
   33.001  -110.773    15.000
   33.001  -110.773    15.000
   33.001  -110.773    15.000
   33.001  -110.773    15.000
   33.001  -110.773    15.000
   33.221   -79.518    15.000
   33.221   -79.518    15.000
   33.221   -79.518    15.000
   33.221   -79.518    15.000
   33.221   -79.518    15.000
   30.854   -90.326    15.000
   30.854   -90.326    15.000
   30.854   -90.326    15.000
   30.854   -90.326    15.000
   30.854   -90.326    15.000
   30.972   -92.543    15.000
   30.972   -92.543    15.000
   30.972   -92.543    15.000
   30.972   -92.543    15.000
   30.972   -92.543    15.000
   33.417  -110.866    15.000
   33.417  -110.866    15.000
   33.417  -110.866    15.000
   33.417  -110.866    15.000
   33.417  -110.866    15.000
   63.898  -146.038    15.000
   63.898  -146.038    15.000
   63.898  -146.038    15.000
   63.898  -146.038    15.000
   63.898  -146.038    15.000
   36.182   -95.791    15.000
   36.182   -95.791    15.000
   36.182   -95.791    15.000
   36.182   -95.791    15.000
   36.182   -95.791    15.000
   37.545  -103.205    15.000
   37.545  -103.205    15.000
   37.545  -103.205    15.000
   37.545  -103.205    15.000
   37.545  -103.205    15.000
   52.946  -104.865    15.000
   52.946  -104.865    15.000
   52.946  -104.865    15.000
   52.946  -104.865    15.000
   52.946  -104.865    15.000
   51.865  -101.697    15.000
   51.865  -101.697    15.000
   51.865  -101.697    15.000
   51.865  -101.697    15.000
   51.865  -101.697    15.000
   30.553   -86.298    15.000
   30.553   -86.298    15.000
   30.553   -86.298    15.000
   30.553   -86.298    15.000
   30.553   -86.298    15.000
   26.904  -107.479    15.000
   26.904  -107.479    15.000
   26.904  -107.479    15.000
   26.904  -107.479    15.000
   26.904  -107.479    15.000
   25.264  -107.566    15.000
   25.264  -107.566    15.000
   25.264  -107.566    15.000
   25.264  -107.566    15.000
   25.264  -107.566    15.000
   25.415  -107.581    15.000
   25.415  -107.581    15.000
   25.415  -107.581    15.000
   25.415  -107.581    15.000
   25.415  -107.581    15.000
   25.486  -107.568    15.000
   25.486  -107.568    15.000
   25.486  -107.568    15.000
   25.486  -107.568    15.000
   25.486  -107.568    15.000
   25.672  -107.795    15.000
   25.672  -107.795    15.000
   25.672  -107.795    15.000
   25.672  -107.795    15.000
   25.672  -107.795    15.000
   26.099  -106.788    15.000
   26.099  -106.788    15.000
   26.099  -106.788    15.000
   26.099  -106.788    15.000
   26.099  -106.788    15.000
   26.090  -108.011    15.000
   26.090  -108.011    15.000
   26.090  -108.011    15.000
   26.090  -108.011    15.000
   26.090  -108.011    15.000
   26.630  -107.484    15.000
   26.630  -107.484    15.000
   26.630  -107.484    15.000
   26.630  -107.484    15.000
   26.630  -107.484    15.000
   26.772  -107.707    15.000
   26.772  -107.707    15.000
   26.772  -107.707    15.000
   26.772  -107.707    15.000
   26.772  -107.707    15.000
   26.793  -107.659    15.000
   26.793  -107.659    15.000
   26.793  -107.659    15.000
   26.793  -107.659    15.000
   26.793  -107.659    15.000
   27.799  -108.453    15.000
   27.799  -108.453    15.000
   27.799  -108.453    15.000
   27.799  -108.453    15.000
   27.799  -108.453    15.000
   28.171  -107.923    15.000
   28.171  -107.923    15.000
   28.171  -107.923    15.000
   28.171  -107.923    15.000
   28.171  -107.923    15.000
   28.869  -105.331    15.000
   28.869  -105.331    15.000
   28.869  -105.331    15.000
   28.869  -105.331    15.000
   28.869  -105.331    15.000
   27.215  -107.979    15.000
   27.215  -107.979    15.000
   27.215  -107.979    15.000
   27.215  -107.979    15.000
   27.215  -107.979    15.000
   28.220  -108.092    15.000
   28.220  -108.092    15.000
   28.220  -108.092    15.000
   28.220  -108.092    15.000
   28.220  -108.092    15.000
   51.882  -101.387    15.000
   51.882  -101.387    15.000
   51.882  -101.387    15.000
   51.882  -101.387    15.000
   51.882  -101.387    15.000
   51.956  -102.869    15.000
   51.956  -102.869    15.000
   51.956  -102.869    15.000
   51.956  -102.869    15.000
   51.956  -102.869    15.000
   50.294  -104.189    15.000
   50.294  -104.189    15.000
   50.294  -104.189    15.000
   50.294  -104.189    15.000
   50.294  -104.189    15.000
   51.427  -100.496    15.000
   51.427  -100.496    15.000
   51.427  -100.496    15.000
   51.427  -100.496    15.000
   51.427  -100.496    15.000
   50.445   -97.014    15.000
   50.445   -97.014    15.000
   50.445   -97.014    15.000
   50.445   -97.014    15.000
   50.445   -97.014    15.000
   52.955  -104.320    15.000
   52.955  -104.320    15.000
   52.955  -104.320    15.000
   52.955  -104.320    15.000
   52.955  -104.320    15.000
   53.176  -104.413    15.000
   53.176  -104.413    15.000
   53.176  -104.413    15.000
   53.176  -104.413    15.000
   53.176  -104.413    15.000
   31.416   -85.143    15.000
   31.416   -85.143    15.000
   31.416   -85.143    15.000
   31.416   -85.143    15.000
   31.416   -85.143    15.000
   36.075   -95.823    15.000
   36.075   -95.823    15.000
   36.075   -95.823    15.000
   36.075   -95.823    15.000
   36.075   -95.823    15.000
   50.159   -98.742    15.000
   50.159   -98.742    15.000
   50.159   -98.742    15.000
   50.159   -98.742    15.000
   50.159   -98.742    15.000
   51.951  -105.816    15.000
   51.951  -105.816    15.000
   51.951  -105.816    15.000
   51.951  -105.816    15.000
   51.951  -105.816    15.000
   51.552  -103.826    15.000
   51.552  -103.826    15.000
   51.552  -103.826    15.000
   51.552  -103.826    15.000
   51.552  -103.826    15.000
   51.716   -98.593    15.000
   51.716   -98.593    15.000
   51.716   -98.593    15.000
   51.716   -98.593    15.000
   51.716   -98.593    15.000
   52.965  -104.858    15.000
   52.965  -104.858    15.000
   52.965  -104.858    15.000
   52.965  -104.858    15.000
   52.965  -104.858    15.000
   52.115  -105.186    15.000
   52.115  -105.186    15.000
   52.115  -105.186    15.000
   52.115  -105.186    15.000
   52.115  -105.186    15.000
   50.742  -102.719    15.000
   50.742  -102.719    15.000
   50.742  -102.719    15.000
   50.742  -102.719    15.000
   50.742  -102.719    15.000
   51.322  -102.747    15.000
   51.322  -102.747    15.000
   51.322  -102.747    15.000
   51.322  -102.747    15.000
   51.322  -102.747    15.000
   51.635  -103.309    15.000
   51.635  -103.309    15.000
   51.635  -103.309    15.000
   51.635  -103.309    15.000
   51.635  -103.309    15.000
   59.127  -112.114    15.000
   59.127  -112.114    15.000
   59.127  -112.114    15.000
   59.127  -112.114    15.000
   59.127  -112.114    15.000
   58.260  -117.480    15.000
   58.260  -117.480    15.000
   58.260  -117.480    15.000
   58.260  -117.480    15.000
   58.260  -117.480    15.000
   40.607   -75.324    15.000
   40.607   -75.324    15.000
   40.607   -75.324    15.000
   40.607   -75.324    15.000
   40.607   -75.324    15.000
   47.982   -98.924    15.000
   47.982   -98.924    15.000
   47.982   -98.924    15.000
   47.982   -98.924    15.000
   47.982   -98.924    15.000
   36.258   -95.922    15.000
   36.258   -95.922    15.000
   36.258   -95.922    15.000
   36.258   -95.922    15.000
   36.258   -95.922    15.000
   36.576   -95.934    15.000
   36.576   -95.934    15.000
   36.576   -95.934    15.000
   36.576   -95.934    15.000
   36.576   -95.934    15.000
   36.035   -94.134    15.000
   36.035   -94.134    15.000
   36.035   -94.134    15.000
   36.035   -94.134    15.000
   36.035   -94.134    15.000
   31.559   -92.957    15.000
   31.559   -92.957    15.000
   31.559   -92.957    15.000
   31.559   -92.957    15.000
   31.559   -92.957    15.000
   58.334  -117.659    15.000
   58.334  -117.659    15.000
   58.334  -117.659    15.000
   58.334  -117.659    15.000
   58.334  -117.659    15.000
   60.661  -120.275    15.000
   60.661  -120.275    15.000
   60.661  -120.275    15.000
   60.661  -120.275    15.000
   60.661  -120.275    15.000
   50.244   -98.600    15.000
   50.244   -98.600    15.000
   50.244   -98.600    15.000
   50.244   -98.600    15.000
   50.244   -98.600    15.000
   50.464   -97.755    15.000
   50.464   -97.755    15.000
   50.464   -97.755    15.000
   50.464   -97.755    15.000
   50.464   -97.755    15.000
   49.314  -101.643    15.000
   49.314  -101.643    15.000
   49.314  -101.643    15.000
   49.314  -101.643    15.000
   49.314  -101.643    15.000
   49.923  -101.964    15.000
   49.923  -101.964    15.000
   49.923  -101.964    15.000
   49.923  -101.964    15.000
   49.923  -101.964    15.000
   50.771  -101.132    15.000
   50.771  -101.132    15.000
   50.771  -101.132    15.000
   50.771  -101.132    15.000
   50.771  -101.132    15.000
   52.227  -100.884    15.000
   52.227  -100.884    15.000
   52.227  -100.884    15.000
   52.227  -100.884    15.000
   52.227  -100.884    15.000
   51.772  -105.925    15.000
   51.772  -105.925    15.000
   51.772  -105.925    15.000
   51.772  -105.925    15.000
   51.772  -105.925    15.000
   58.271  -117.639    15.000
   58.271  -117.639    15.000
   58.271  -117.639    15.000
   58.271  -117.639    15.000
   58.271  -117.639    15.000
   58.227  -117.597    15.000
   58.227  -117.597    15.000
   58.227  -117.597    15.000
   58.227  -117.597    15.000
   58.227  -117.597    15.000
   58.177  -117.430    15.000
   58.177  -117.430    15.000
   58.177  -117.430    15.000
   58.177  -117.430    15.000
   58.177  -117.430    15.000
   55.960  -114.329    15.000
   55.960  -114.329    15.000
   55.960  -114.329    15.000
   55.960  -114.329    15.000
   55.960  -114.329    15.000
   52.188  -100.208    15.000
   52.188  -100.208    15.000
   52.188  -100.208    15.000
   52.188  -100.208    15.000
   52.188  -100.208    15.000
   55.915  -114.779    15.000
   55.915  -114.779    15.000
   55.915  -114.779    15.000
   55.915  -114.779    15.000
   55.915  -114.779    15.000
   57.081  -118.088    15.000
   57.081  -118.088    15.000
   57.081  -118.088    15.000
   57.081  -118.088    15.000
   57.081  -118.088    15.000
   57.066  -118.122    15.000
   57.066  -118.122    15.000
   57.066  -118.122    15.000
   57.066  -118.122    15.000
   57.066  -118.122    15.000
   58.357  -117.636    15.000
   58.357  -117.636    15.000
   58.357  -117.636    15.000
   58.357  -117.636    15.000
   58.357  -117.636    15.000
   55.953  -114.360    15.000
   55.953  -114.360    15.000
   55.953  -114.360    15.000
   55.953  -114.360    15.000
   55.953  -114.360    15.000
   58.196  -117.564    15.000
   58.196  -117.564    15.000
   58.196  -117.564    15.000
   58.196  -117.564    15.000
   58.196  -117.564    15.000
   56.025  -114.550    15.000
   56.025  -114.550    15.000
   56.025  -114.550    15.000
   56.025  -114.550    15.000
   56.025  -114.550    15.000
   58.657  -117.867    15.000
   58.657  -117.867    15.000
   58.657  -117.867    15.000
   58.657  -117.867    15.000
   58.657  -117.867    15.000
   58.643  -117.922    15.000
   58.643  -117.922    15.000
   58.643  -117.922    15.000
   58.643  -117.922    15.000
   58.643  -117.922    15.000
   59.624  -117.429    15.000
   59.624  -117.429    15.000
   59.624  -117.429    15.000
   59.624  -117.429    15.000
   59.624  -117.429    15.000
   58.630  -117.700    15.000
   58.630  -117.700    15.000
   58.630  -117.700    15.000
   58.630  -117.700    15.000
   58.630  -117.700    15.000
   58.425  -117.695    15.000
   58.425  -117.695    15.000
   58.425  -117.695    15.000
   58.425  -117.695    15.000
   58.425  -117.695    15.000
   58.240  -117.540    15.000
   58.240  -117.540    15.000
   58.240  -117.540    15.000
   58.240  -117.540    15.000
   58.240  -117.540    15.000
   58.190  -117.510    15.000
   58.190  -117.510    15.000
   58.190  -117.510    15.000
   58.190  -117.510    15.000
   58.190  -117.510    15.000
   55.000   -98.500    15.000
   55.000   -98.500    15.000
   55.000   -98.500    15.000
   55.000   -98.500    15.000
   55.000   -98.500    15.000
0024
0
  10000.0
1
./
ERA5-20190528-00-casestudy-31km.arl
1
PM25
0.001
    24.000
19 05 28 00 00
1
   55.000   -98.500
    0.100     0.100
   30.000    92.000
./
hysplit.con
1
10
19 05 28 00 00
19 05 29 00 00
0 1 0
1
1 1 1
0 0 0 0 0
0 1e-07 1e-07
0
0.0
